0.02979,-0.027765,0.030779,-0.040297,0.03664,-0.035279,0.029515,-0.00075704,-0.024817,0.035747,-0.041707,0.027801,-0.00092655,-0.015037,0.021058,-0.00026832,-0.049875,0.061064,-0.0034025,-0.05334,0.051604,-0.0081211,-0.026897,0.024584,-0.0076182,0.0068638,-0.014319,0.015843,-0.018848,0.029766,-0.030591,-0.0010653,0.033994,-0.01944,-0.009362,0.0055309,-0.0021814,0.013965,-0.0072552,-0.0028615,-0.0034142,0.0014633,0.0041431,0.0034628,-0.0058328,-0.0008109,0.0019988,0.0038624,-0.011084,0.0022968,0.013847,-0.0029866,0.0026227,-0.055817,0.089384,-0.057489,0.025116,-0.013942,0.0035767,-0.012911
0.00026903,0.017943,-0.00060923,0.0068654,-0.038352,0.0588,-0.046817,0.012468,0.010878,-0.026129,0.044039,-0.036656,0.0067114,0.014799,-0.023098,-0.00043633,0.053988,-0.059563,-0.0131,0.077362,-0.059641,-0.010016,0.050176,-0.032249,0.0073843,-0.01376,0.03148,-0.03613,0.022772,-0.0026732,-0.01729,0.050241,-0.070384,0.037804,0.0035427,-0.018602,0.043217,-0.053109,0.017617,-0.0004936,0.013873,-0.017111,0.03303,-0.04224,0.0055576,0.011552,0.0053232,0.0020039,0.0015676,-0.022042,0.0045041,-0.0004982,0.011025,0.05628,-0.11227,0.054779,-0.0094709,0.024132,0.0022716,-0.031516
0.0086527,-0.030965,6.0306e-05,-0.0026627,0.023355,-0.011736,-0.012893,0.018238,-0.0086654,0.016469,-0.041812,0.04484,-0.022671,-0.006425,0.035584,-0.025411,-0.025538,0.028915,0.0402,-0.091926,0.065396,0.0016597,-0.030057,0.011498,-0.025951,0.081215,-0.090858,0.050207,-0.022673,0.007152,0.027942,-0.072572,0.083433,-0.043766,0.0020809,0.020895,-0.057464,0.068809,-0.021408,-0.0047574,-0.011784,0.011516,-0.0095475,0.010224,0.01742,-0.0262,0.012014,-0.029465,0.032286,-0.0052853,0.012418,-0.01114,-0.010444,-0.0331,0.065259,-0.001297,-0.030868,0.0045565,-0.030758,0.047805
-0.028346,0.028914,0.018647,-0.021275,-0.001148,-0.020238,0.045026,-0.015019,-0.018029,-0.0025054,0.025161,-0.0095928,0.00072813,0.00028484,-0.024562,0.023106,0.017032,-0.0086838,-0.057527,0.092917,-0.059056,-0.0075626,0.040406,-0.023214,0.031888,-0.076535,0.063568,-0.011229,0.011516,-0.019305,-0.033013,0.08651,-0.086074,0.055409,-0.014839,-0.035945,0.071721,-0.049187,-0.011016,0.020904,0.025756,-0.041369,0.016927,-0.01114,0.019902,-0.014049,-0.0011424,0.012453,-0.011784,0.011088,-0.020103,0.013518,-0.00075252,0.014385,-0.011468,-0.02684,0.032498,-0.015915,0.031415,-0.023216
0.031882,-0.0018959,-0.0291,0.029049,-0.02621,0.05492,-0.05947,0.013457,0.014153,-0.0043474,0.010583,-0.023687,0.00043149,0.017362,0.010849,-0.018668,-0.019265,0.0084073,0.062928,-0.082227,0.028392,0.01398,-0.013085,0.00044671,-0.0092139,0.038747,-0.04432,0.018419,-0.014635,0.029764,-0.0078266,-0.041178,0.065921,-0.050992,0.0035548,0.053951,-0.074012,0.032444,0.014646,0.0090499,-0.064726,0.054605,-0.011525,0.021938,-0.04828,0.040184,-0.0268,0.0049941,0.033768,-0.045402,0.034214,-0.026477,-0.0028704,0.033099,-0.022269,0.011584,-0.015516,-0.012986,0.05035,-0.051092
-0.013542,-0.018968,0.033796,-0.033329,0.035816,-0.055915,0.051907,-0.013605,-7.6374e-05,-0.0086866,-0.0092554,0.023332,0.00049103,-0.0066623,-0.021494,0.015674,0.012409,0.019476,-0.07503,0.057001,0.0065777,-0.033044,0.017442,0.0048343,0.0019509,-0.042027,0.04995,-0.0011022,-0.026578,0.0078329,-0.0018297,0.016502,-0.0233,0.02291,-0.008596,-0.024167,0.041957,-0.015765,-0.029727,0.033612,0.0072039,-0.01872,-0.0025132,-0.013834,0.041753,-0.029557,0.025354,-0.034583,0.0043793,0.025844,-0.01835,0.011914,0.0033223,-0.035827,0.025425,0.016514,-0.033592,0.051513,-0.077051,0.060033
-0.013157,0.056311,-0.043831,0.025357,-0.030978,0.037365,-0.021568,0.00015046,0.0076169,-0.015331,0.029463,-0.031183,0.02089,-0.019639,0.026666,-0.020014,0.00053939,-0.0010554,0.021531,-0.011697,-0.027068,0.028743,0.0041129,-0.00022874,-0.043113,0.062834,-0.0382,0.0044195,0.0087911,-0.01061,0.019826,-0.027797,0.028927,-0.041062,0.050378,-0.018791,-0.027465,0.020458,0.033243,-0.064376,0.058674,-0.048756,0.019432,0.039811,-0.063116,0.03316,-0.026846,0.045994,-0.023891,-0.01603,0.024418,-0.017764,-0.00035573,0.025546,-0.014852,-0.010239,0.001202,-0.0060459,0.050437,-0.051236
0.004368,-0.037193,0.0069221,0.0098177,-0.0091054,0.027482,-0.044847,0.033275,-0.010076,0.0038885,-0.017181,0.037552,-0.05461,0.052796,-0.028175,0.0019226,0.017007,-0.027552,0.012859,0.0082906,-0.0024145,0.0054254,-0.036401,0.025617,0.035821,-0.055933,0.011631,0.024905,-0.016196,-0.0033809,-0.0019998,0.016555,-0.019585,0.034201,-0.052439,0.023879,0.019813,-0.0059589,-0.034065,0.04159,-0.039086,0.043489,-0.024222,-0.013735,0.029919,-0.020218,0.012025,-0.0088921,-0.0035845,0.017012,-0.020707,0.017859,0.0054338,-0.039659,0.034019,-0.0063428,0.011225,0.00027771,-0.059875,0.066557
0.034326,-0.019833,0.035025,-0.031739,0.026283,-0.043201,0.053469,-0.02977,-0.0087719,0.031518,-0.032279,0.006089,0.042334,-0.057177,0.013988,0.015311,3.1492e-05,-0.0042991,-0.0024714,-0.015944,0.033105,-0.036625,0.052639,-0.054122,0.010733,0.023203,0.0097779,-0.06936,0.074813,-0.031383,0.0081576,-0.0044327,-0.014661,0.012106,0.020637,-0.01549,-0.012436,-0.006174,0.024422,0.016653,-0.04353,-0.0026846,0.04634,-0.019678,-0.028243,0.038661,-0.030853,0.026448,-0.014142,0.0096923,-0.022742,0.023904,-0.025388,0.050532,-0.051795,0.014231,0.011357,-0.035962,0.078598,-0.079198
-0.051541,0.039705,-0.0053458,-0.0046972,-0.0035301,0.0021402,-0.00406,0.011132,-0.0072858,-0.0068047,0.022792,-0.0075728,-0.051154,0.068571,-0.0060648,-0.025291,-0.01461,0.024956,-0.00020505,0.019842,-0.054607,0.051304,-0.048328,0.056497,-0.031915,0.001868,-0.026946,0.073817,-0.0728,0.036339,-0.011434,-0.0066683,0.028514,-0.027605,0.0061066,-0.0050055,0.015967,0.0027941,-0.017499,-0.03106,0.081147,-0.036754,-0.034291,0.0075065,0.070326,-0.082465,0.039267,-0.0053652,-0.0038076,-0.014905,0.046638,-0.052192,0.040167,-0.049531,0.064272,-0.038226,-0.023933,0.064946,-0.056952,0.043836
0.051647,-0.057806,0.0039343,-0.0017045,0.027809,-0.017363,0.015491,-0.042937,0.044165,-0.012617,-0.0059589,-0.016951,0.067474,-0.078613,0.018616,0.030686,-0.017318,0.0088758,-0.025783,0.0086974,0.022364,-0.025007,0.044837,-0.077199,0.04821,-0.0015264,0.020234,-0.048332,0.026277,-0.00051167,-0.0078503,0.017949,-0.01476,0.0025375,-0.0085182,0.020059,-0.019993,0.013515,-0.012017,0.039739,-0.077266,0.056548,-0.0035453,0.015794,-0.072492,0.074157,-0.01548,-0.033147,0.030451,0.0085645,-0.040787,0.04618,-0.0412,0.045579,-0.05556,0.034458,0.023021,-0.036165,-0.015413,0.015951
-0.043936,0.070895,-0.039632,0.042386,-0.055076,0.040458,-0.045965,0.067326,-0.058052,0.042563,-0.041424,0.032772,-0.036426,0.053838,-0.023574,-0.036765,0.049095,-0.037026,0.04645,-0.040036,0.012374,0.0031505,-0.029582,0.059342,-0.038243,0.0096458,-0.036762,0.058497,-0.024275,-0.0089918,0.0075515,0.0027398,-0.013364,0.021915,-0.012418,-0.010888,0.025683,-0.025038,0.025953,-0.039558,0.044801,-0.026271,0.0138,-0.03738,0.071039,-0.05695,-0.011439,0.058011,-0.030684,-0.018468,0.039625,-0.048922,0.044471,-0.022934,0.020108,-0.015395,-0.025001,0.025174,0.038055,-0.037241
0.033809,-0.05119,0.038992,-0.053096,0.047004,-0.014309,0.022415,-0.05341,0.06647,-0.088226,0.094761,-0.049313,0.02388,-0.043074,0.0166,0.048109,-0.058786,0.030838,-0.023844,0.027039,-0.019865,0.0061011,0.0095249,-0.024825,0.047732,-0.071049,0.069244,-0.049572,0.023561,0.013499,-0.021427,-0.017449,0.033602,-0.011643,0.0044969,0.0053771,-0.032642,0.024179,0.0064,-0.0032127,-0.012449,0.013151,-0.012438,0.014315,-0.02054,0.01083,0.040496,-0.068625,0.020168,0.023823,-0.021968,0.036343,-0.050971,0.024736,-0.011027,0.013247,0.017901,-0.025105,-0.02326,0.024669
-0.039275,0.030642,-0.009342,0.030628,-0.027398,-0.01301,-0.00053396,0.054147,-0.08092,0.093692,-0.080181,0.028618,-0.012417,0.032167,-0.011522,-0.024983,0.027544,-0.017546,0.010791,-0.021144,0.050223,-0.049622,0.022363,-0.0035021,-0.035138,0.070483,-0.047988,0.027802,-0.0334,0.0065865,-0.0050999,0.061445,-0.058209,0.0013766,0.0021378,0.004875,0.017127,-0.0041813,-0.021523,0.0074053,0.0067075,0.00058481,-0.015097,0.038274,-0.04455,0.032725,-0.042479,0.041447,0.0067433,-0.038474,0.029939,-0.039583,0.055615,-0.031499,0.0024176,0.0012469,-0.0055216,0.0020037,0.017149,-0.00076833
0.044009,-0.030642,0.0066518,-0.016501,-0.007484,0.049797,-0.013476,-0.046385,0.055875,-0.057178,0.045788,-0.01138,0.012265,-0.024592,0.0045368,0.0012466,0.0035106,0.009762,-0.0021384,-0.0029242,-0.033115,0.045068,-0.022518,0.022601,-0.020282,-0.0034333,0.018628,-0.033685,0.036433,-0.017159,0.039153,-0.087027,0.072542,-0.027532,0.011407,0.0019606,-0.0058363,-0.018889,0.028994,-0.021685,0.035819,-0.060055,0.078758,-0.091956,0.07307,-0.031203,0.02685,-0.051414,0.031265,0.022398,-0.034722,0.021788,-0.03461,0.035076,-0.0045493,-0.0021039,-0.010053,0.0063433,-0.0019907,-0.015077
0.012496,-0.014529,-0.0069136,0.025615,0.0020349,-0.019384,-0.022138,0.045092,-0.017806,0.0010323,-0.0035979,0.020248,-0.055217,0.052417,-0.0046057,-0.013656,-1.7869e-06,0.011372,-0.035691,0.056461,-0.044842,0.0279,-0.017399,-0.0028521,0.022094,-0.02086,-0.009072,0.040551,-0.024935,-0.0027495,-0.025084,0.058892,-0.03528,-0.0024894,0.02183,-0.033795,0.013658,0.036967,-0.056835,0.034128,-0.02311,0.045933,-0.068222,0.061947,-0.034159,0.0062528,-0.0095841,0.04678,-0.049291,-0.0043236,0.021235,0.013582,-0.0045992,-0.03865,0.044665,-0.040738,0.050344,-0.038374,0.014275,-0.0070171
-0.042205,0.056405,-0.016078,-0.028668,0.020206,-0.016674,0.05734,-0.065593,0.022147,0.0025537,0.0062587,-0.033794,0.067187,-0.052314,-0.0019352,0.011547,0.015909,-0.025686,0.037293,-0.056862,0.051038,-0.031818,0.020994,-0.0090402,-0.0082362,0.019946,-0.0086351,-0.01355,0.00031392,0.028954,-0.011801,-0.017172,-0.00046265,0.030802,-0.045219,0.048518,-0.0080378,-0.057857,0.051635,0.027227,-0.065633,0.030793,-0.0025403,0.016597,-0.027359,0.013916,0.0086668,-0.039444,0.052562,-0.019444,-0.0073022,-0.0063644,-0.0067362,0.0604,-0.084545,0.083485,-0.098431,0.095777,-0.053019,0.023988
0.00030761,-0.0073876,0.013957,0.0020084,0.008123,-0.031679,0.006676,0.02045,-0.0082976,0.013894,-0.039269,0.043351,-0.037755,0.015206,0.022175,-0.01291,-0.031821,0.045982,-0.043572,0.036407,0.0093765,-0.057505,0.053286,-0.027263,0.014071,-0.0020536,-0.0057986,-0.0027683,0.012885,-0.013903,0.01704,-0.017184,0.0045088,-0.012752,0.053829,-0.052102,-0.024929,0.079617,-0.040049,-0.037592,0.069384,-0.04143,0.0091672,-0.015519,0.029149,-0.018306,-0.00054644,0.022129,-0.037733,0.022907,-0.0038573,0.00091207,0.024496,-0.063932,0.076277,-0.081006,0.085735,-0.0661,0.03869,-0.016975
0.025801,-0.036796,0.00090885,0.030963,-0.049602,0.071496,-0.068688,0.050458,-0.049408,0.030628,0.018485,-0.037785,0.016935,0.0014032,-0.011204,0.013367,0.0043577,-0.023264,0.01963,0.0025398,-0.031846,0.050689,-0.048849,0.03994,-0.021247,-0.01081,0.012901,0.018053,-0.01203,-0.023218,0.016546,-0.00070464,0.021322,-0.0085932,-0.048678,0.040734,0.036805,-0.0654,0.015268,0.034585,-0.025745,-0.022994,0.042096,-0.0047194,-0.03469,0.0396,-0.030618,0.019138,-0.0069623,0.0014246,0.0065852,-0.014494,0.0078388,0.00046422,-0.0097521,0.031737,-0.032627,0.004547,0.0016142,0.0018646
-0.044578,0.048751,0.0039205,-0.045648,0.055089,-0.050694,0.040608,-0.039564,0.043764,-0.016072,-0.031235,0.038057,-0.012347,0.011707,-0.027577,0.013889,0.014699,-0.014091,-0.00024579,-0.01093,0.017774,0.012343,-0.019696,-0.01997,0.024428,0.0069772,0.010154,-0.037984,0.0018748,0.03877,-0.03034,0.020965,-0.033391,0.037936,-0.027192,0.024908,-0.040984,0.027572,0.03613,-0.05252,-0.019528,0.066404,-0.052282,0.046935,-0.028591,-0.020476,0.025978,-0.0020211,0.015738,-0.029014,0.011921,0.0055684,-0.034793,0.058426,-0.02429,-0.006494,-0.031307,0.05284,-0.011131,0.00085965
0.052887,-0.056738,0.0018129,0.032087,-0.034106,0.016753,0.0099805,-0.014914,0.011863,-0.038337,0.061002,-0.042383,0.01932,-0.026717,0.046199,-0.043463,0.013759,-0.0024491,0.026963,-0.025987,-0.009741,0.0097514,0.020259,-0.026583,0.01665,0.0083898,-0.048096,0.044044,0.0044609,-0.031453,0.03572,-0.031701,0.012889,-0.023996,0.072184,-0.086763,0.04888,0.024707,-0.099645,0.072047,0.041363,-0.069197,0.023001,-0.036348,0.044494,0.015078,-0.032541,0.0078097,-0.034818,0.063528,-0.03835,0.00066373,0.03853,-0.052735,0.0086559,-0.007342,0.097301,-0.12125,0.03365,-0.0010313
-0.021701,0.03459,-0.017933,-0.010643,0.028327,-0.014419,-0.016822,0.024718,-0.0175,0.023471,-0.028806,0.026788,-0.028881,0.028936,-0.037271,0.052255,-0.03181,0.014209,-0.073991,0.12218,-0.053244,-0.018929,-0.028607,0.097099,-0.055302,-0.047742,0.082909,-0.040384,0.0079132,0.0092147,-0.050085,0.052865,0.001827,0.0004869,-0.071609,0.09719,-0.050373,-0.035147,0.10877,-0.069301,-0.044084,0.054228,0.016721,-0.025407,0.017406,-0.052988,0.045999,-0.00083596,0.01478,-0.052589,0.031705,0.020303,-0.042319,0.022108,-0.0028272,0.051618,-0.14281,0.15637,-0.07495,0.014321
0.0065338,-0.022131,0.020084,0.0019693,-0.021799,0.019618,0.00090937,-0.0086919,0.0010097,-0.0039017,0.0098939,-0.0071272,0.011719,-0.022331,0.027313,-0.026603,0.023541,-0.066026,0.18993,-0.27225,0.16988,-0.006804,0.016909,-0.12988,0.085883,0.078447,-0.11741,0.050706,-0.029965,-0.0071071,0.083538,-0.062226,0.0013521,-0.04031,0.07984,-0.045518,0.022721,-0.0068311,-0.0048344,-0.05388,0.084484,-0.00048655,-0.048562,0.0044091,0.0057726,0.021758,-0.02,0.021467,-0.038423,0.030878,0.0045295,-0.043726,0.046277,-0.0052924,0.002558,-0.081009,0.15569,-0.14697,0.076816,-0.016356
-0.00096948,0.016123,-0.0089914,-0.003144,0.0017059,-0.0031237,0.0031197,0.0054247,-0.0045904,0.00076466,-0.0039587,-0.004269,0.0063962,0.018563,-0.018198,-0.0092089,-0.029185,0.12384,-0.18994,0.2249,-0.17381,-0.0026523,0.060505,0.10329,-0.11606,-0.11466,0.17331,-0.028669,-0.013437,0.02763,-0.10554,0.069843,-0.0014012,0.052207,-0.042411,-0.056752,0.046117,0.028883,-0.08135,0.14864,-0.12088,-0.025138,0.081103,-0.041297,0.034539,-0.0091558,-0.026195,-0.02074,0.057833,-0.012741,-0.024134,0.037556,-0.05517,0.035845,-0.014225,0.058715,-0.11338,0.10283,-0.04614,0.0018327
0.0014128,-0.0092362,0.009143,-0.00025625,0.0033365,-0.0028345,0.00035776,-0.012855,0.011631,0.0047125,4.9027e-05,-0.0036916,-0.0056165,-0.0060133,0.0060059,0.012771,0.022436,-0.050677,-0.0028771,-0.0012451,0.067708,-0.005564,-0.054276,-0.070707,0.096591,0.095846,-0.13409,-0.023403,0.062216,-0.016611,0.022221,0.00645,-0.028782,-0.011652,-0.020767,0.085815,-0.047775,0.0096483,0.0059723,-0.098178,0.11066,0.04336,-0.1108,0.015105,0.056696,-0.07573,0.089793,-0.064509,0.033063,-0.031812,0.019022,-0.014431,0.043031,-0.044346,0.016379,-0.015211,0.028108,-0.02949,0.025295,-0.011396
-0.0057881,0.0098941,-0.0085587,-0.0019625,-0.0024158,0.0062971,-0.00097791,0.0084756,-0.0096983,-0.0039788,-0.0037282,0.013206,0.0046392,-0.011362,0.0048944,-0.0094711,0.0036874,-0.015762,0.067248,-0.066309,0.014191,-0.020442,0.027924,0.039896,-0.05683,-0.013822,0.020917,0.045848,-0.063571,0.01632,0.03183,-0.03154,-0.0034557,-0.0096314,0.052962,-0.014123,-0.038581,-0.023031,0.069902,0.0043661,-0.0028829,-0.13693,0.12692,0.12396,-0.30851,0.24905,-0.11413,0.057698,-0.039246,-0.003897,0.046249,-0.038798,-0.003583,0.018562,0.0074369,-0.0315,0.029222,-0.006437,-0.016471,0.015832
0.0051039,-0.0070247,0.0029885,0.0053981,-0.0032941,-0.0077399,0.0061418,-0.0037292,0.0044918,0.0043762,-0.0017556,-0.0087474,-0.0034657,0.018421,-0.017183,0.013977,-0.010257,0.016313,-0.033764,0.036046,-0.036357,0.047705,-0.033539,-0.0010863,0.017314,-0.012714,0.0027631,-0.022385,0.0612,-0.03898,0.0031547,-0.059842,0.097444,-0.014207,-0.038266,-0.03224,0.10263,-0.068534,-0.021176,0.038633,-0.026227,0.12612,-0.090836,-0.35058,0.71276,-0.50796,0.14844,-0.052966,0.0090868,0.091264,-0.10682,0.075393,-0.043114,-0.009499,-6.4993e-06,0.05947,-0.052726,0.012194,-0.0063041,0.0044899
-0.0050669,0.0068046,-0.00022879,-0.0030515,0.012174,-0.0097203,-0.0032661,0.0044845,0.0029342,-0.0016559,-0.0037861,0.0018262,0.00077094,-0.0062829,0.017775,-0.013402,0.0057244,-0.017742,0.014607,-0.0051883,0.029204,-0.034154,0.013471,-0.027575,0.021896,0.017998,-0.005212,-0.0065015,-0.021081,0.0042331,-0.016671,0.094631,-0.071855,-0.0045125,-0.0083515,0.030695,-0.064791,0.11477,-0.040292,-0.00096557,-0.082311,-0.0080067,-0.04199,0.73595,-1.2592,0.78672,-0.079237,-0.13713,0.19242,-0.22042,0.086758,-0.015272,0.050203,-0.0060741,-0.018668,-0.036287,0.031023,-0.0013416,0.02345,-0.023221
0.0056193,-0.0091572,-0.0084639,0.0020219,-0.0060667,0.017773,0.0038508,-0.011639,-0.0069097,-0.0050663,0.013861,0.0074967,-0.0019929,-0.009325,-0.0067972,0.0028544,0.0038166,0.0044116,0.024921,-0.036729,-0.010258,0.012342,0.0071958,0.035368,-0.041025,-0.0096225,0.0036338,0.033626,-0.058467,0.050437,0.062625,-0.13265,0.009763,0.051259,0.04205,-0.027107,-0.014446,-0.073327,0.057634,0.030205,0.041053,-0.076785,0.10615,-0.49502,0.83727,-0.49144,-0.12796,0.36603,-0.33192,0.24033,-0.071259,-0.033667,-0.0041996,0.015816,0.026428,-0.021706,0.010273,-0.019997,-0.0032885,0.020181
-0.013923,0.011641,0.004157,0.0053925,0.0010268,-0.016173,-0.001507,0.0079389,0.00060619,0.013456,-0.012652,-0.0049948,-0.00090965,0.004449,-0.0004754,0.0094275,-0.005958,0.0065589,-0.030307,0.026561,-0.011121,0.028453,-0.025612,-0.011019,0.027677,-0.026128,0.017019,-0.024753,0.083002,-0.085497,-0.026432,0.055833,0.047399,-0.042282,-0.071358,0.065756,-0.013961,0.073763,-0.071092,-0.057425,0.031492,0.10199,0.010808,-0.19018,0.075302,0.012447,0.22468,-0.36624,0.1914,-0.051098,0.039427,0.0075198,-0.034143,0.014271,-0.033663,0.042708,-0.014505,0.0087967,-0.0044896,-0.003056
0.019439,-0.014416,0.0064806,-0.011413,0.0035348,0.0032722,0.00041099,0.00055591,0.0068506,-0.014208,0.0062131,-0.0070163,0.0061428,0.0052958,0.0055171,-0.009589,-0.010972,0.0024184,0.01001,0.0032263,0.017653,-0.045526,0.0274,-0.014679,0.0054269,0.014598,0.0039759,0.0044186,-0.079612,0.10134,-0.095709,0.1512,-0.13934,0.011947,0.086428,-0.10942,0.082538,-0.038215,0.02899,-0.013271,-0.0017414,-0.029804,-0.061778,0.21596,-0.059719,-0.11599,-0.2515,0.66714,-0.44503,0.01472,0.069388,-0.012392,0.033073,-0.041544,0.026654,-0.026435,0.010341,0.022812,-0.035126,0.0090899
-0.0072237,0.0062871,-0.004486,0.01337,-0.0043538,0.00050857,-0.002245,-0.007866,-0.00014515,0.010937,0.0028772,-0.00058032,-0.0099473,0.00035399,-0.0064246,0.0089208,0.017853,-0.019197,0.010385,-0.023828,0.0067202,0.013582,0.0053871,0.003647,-0.027426,0.016382,-0.017361,-0.00059184,0.068805,-0.10066,0.12726,-0.18359,0.13512,-0.011777,-0.045015,0.082388,-0.090786,0.012022,0.02186,0.0059322,0.016271,-0.045152,0.10978,-0.17482,-0.044608,0.27808,0.10975,-0.69556,0.58562,-0.059047,-0.12445,0.031363,-0.015398,0.035715,-0.0053014,-0.0064016,-0.0068707,-0.018003,0.053231,-0.031305
-0.0021691,-0.0049618,0.0023018,-0.0098796,-0.00036711,0.010611,-0.001269,0.0026284,-0.0029027,-0.0085084,0.0035079,-0.0013273,0.010861,-0.0027572,0.00079334,-0.00903,-0.016366,0.051574,-0.061156,0.054281,-0.026046,0.0037885,-0.015088,0.0051869,0.033302,-0.042864,0.033511,-0.013114,-0.036979,0.079369,-0.10224,0.11458,-0.077548,0.019389,0.0072795,-0.040547,0.069858,-0.04366,-0.0027478,0.03339,-0.026453,0.033971,-0.22847,0.42281,-0.1591,-0.25824,0.12061,0.28587,-0.25128,-0.03271,0.081425,0.00050354,-0.0016966,-0.0099484,-0.021239,0.033549,0.0037991,-0.029797,0.00031489,0.021396
0.013524,0.0036425,-0.0072943,0.0025541,-0.005471,-0.00031618,0.0033239,-0.00010943,0.0055729,-0.0053233,-0.0051993,0.0087425,-0.0040308,-0.0038886,0.0041642,0.00030268,0.031301,-0.095972,0.12208,-0.085914,0.039648,-0.027359,0.039323,-0.03017,-0.015233,0.058338,-0.068504,0.051996,-0.033407,0.026316,-0.0055147,-0.029669,0.023589,0.015146,-0.020798,0.0094878,-0.026496,0.040775,-0.0018848,-0.055844,0.029634,0.0055738,0.17376,-0.35085,0.076882,0.26941,-0.0066961,-0.42958,0.29934,0.039054,-0.045002,-0.041289,0.0035454,-0.0059926,0.047332,-0.024926,-0.020214,0.051381,-0.051258,0.0084628
-0.013697,-0.003078,0.007979,0.0070775,0.0025176,-0.0087887,0.0015333,0.0049785,-0.018781,0.021161,-0.0055842,6.074e-05,-0.0017022,0.00064442,-0.0017038,0.0046076,-0.033057,0.0928,-0.12372,0.091745,-0.041967,0.030395,-0.048481,0.026063,0.044345,-0.080354,0.073253,-0.086249,0.11157,-0.10489,0.054141,0.0069768,-0.0014939,-0.046697,0.026967,-0.0036202,0.086559,-0.12954,0.001234,0.11038,-0.02633,-0.06019,-0.092449,0.21173,0.066581,-0.27601,-0.16966,0.66434,-0.43854,-0.0092417,0.047543,0.032623,0.0066408,0.013655,-0.04643,0.0026152,0.012725,-0.018763,0.050507,-0.024943
0.020582,-0.00024785,0.0015301,-0.0097871,-0.0064142,0.0059932,0.0023098,-0.002971,0.0171,-0.021292,0.0057486,-0.0040303,0.0077909,-0.0023046,0.0037528,-0.0076287,0.0081057,-0.02145,0.045415,-0.050842,0.022451,0.002979,-0.00019584,0.031283,-0.10959,0.124,-0.062728,0.051255,-0.091739,0.063808,0.037929,-0.093117,0.048817,0.0077394,-0.016367,0.061992,-0.17841,0.2041,-0.036655,-0.12888,0.067968,0.041433,0.092054,-0.19439,-0.076141,0.19414,0.30423,-0.69467,0.38318,0.015127,-0.030138,-0.0025903,-0.038901,-0.00085768,0.027429,-0.0030516,0.014345,0.0035228,-0.044187,0.011476
-0.044798,0.015936,-0.0010904,0.0038128,0.0095624,-0.0083701,-0.0062066,0.0057015,-0.0054291,0.0064082,0.0037249,-0.0014002,-0.010842,0.0044859,-0.00080162,0.012553,-0.0054134,-0.0069951,-0.0091623,0.014957,0.013897,-0.030606,0.026013,-0.0415,0.076673,-0.082505,0.033224,0.011386,0.0091197,-0.019844,-0.039272,0.065008,-0.022515,0.0014242,0.021639,-0.076816,0.088067,-0.074369,0.044476,0.07711,-0.13979,0.035434,-0.031796,0.13065,-0.044364,0.058829,-0.46649,0.68201,-0.34021,0.012074,-0.0027081,-0.00057763,0.049072,4.2125e-05,-0.057595,0.067044,-0.062832,0.012323,0.029888,0.011755
0.037842,-0.016968,-0.019573,0.010116,0.00086918,0.0071107,0.009845,-0.023581,0.0052421,0.0068065,-0.0070223,0.0051101,0.0035873,0.0040368,-0.013072,-0.0085672,0.015815,0.003646,-0.002114,0.0019275,-0.017805,0.0075583,0.0013053,0.020846,-0.028043,0.01702,-0.010879,0.00043758,-0.0041562,0.017659,-0.007158,0.0062136,-0.022978,0.01554,-0.018438,0.031175,0.0041037,-0.0087264,-0.051446,0.022853,0.079524,-0.086151,0.05053,-0.069776,0.073062,-0.10208,0.25583,-0.3654,0.25329,-0.066649,-0.013959,0.036329,-0.050649,-0.003586,0.10166,-0.14189,0.12028,-0.079047,0.032052,-0.019511
-0.015056,0.0024733,0.038823,-0.031978,0.010912,-0.020001,-0.0030571,0.036618,-0.012388,-0.021153,0.019896,-0.0069772,-0.01101,0.021844,-0.016652,0.0182,-0.019193,0.0058032,0.0043663,-0.013345,0.014102,0.013024,-0.021318,-0.018434,0.039463,-0.014613,-0.0014725,-0.011475,0.024959,-0.01997,0.0070185,-0.0064439,0.01003,-0.0072296,0.013873,-0.016005,-0.0084118,0.015928,0.017427,-0.02299,-0.038905,0.096324,-0.075876,0.0040621,0.058719,-0.074492,-0.02584,0.22835,-0.30363,0.13341,0.052725,-0.089356,0.070474,-0.024014,-0.067385,0.10739,-0.093186,0.095988,-0.070604,0.020256
0.0065716,0.0099247,-0.050941,0.053924,-0.035686,0.025254,0.015386,-0.044506,0.0035234,0.039308,-0.030115,0.0020746,0.027738,-0.047294,0.039402,-0.027836,0.031051,-0.037326,0.033356,-0.0048377,-0.022543,-7.1146e-05,0.033894,-0.0096123,-0.034333,0.027683,0.0084531,-0.014117,-0.0098143,0.012375,0.011391,-0.011433,-0.011945,0.017077,-0.014389,0.016991,0.0026992,-0.029245,0.028112,-0.034706,0.069311,-0.065186,0.0030793,0.035927,-0.031541,0.023646,0.055911,-0.23151,0.28368,-0.10122,-0.069946,0.070913,-0.031989,0.010026,0.03226,-0.039969,0.018543,-0.03385,0.039638,-0.013156
-0.0014213,-0.010922,0.051616,-0.066437,0.050814,-0.018191,-0.02677,0.028891,0.022828,-0.052755,0.035171,-0.0015284,-0.028929,0.033002,-0.012833,0.0030932,-0.0056076,0.01406,-0.030201,0.021773,0.0070445,0.0068309,-0.051169,0.047805,0.0011622,-0.025099,0.003816,0.014176,-0.0062214,0.017648,-0.051534,0.035975,0.020741,-0.032045,0.0090081,-0.013283,0.015527,0.0098064,-0.010524,-0.011102,-0.0021199,0.015923,0.013348,-0.0099974,-0.035803,0.0061187,0.045313,0.040967,-0.14163,0.066123,0.046994,-0.032583,-0.017833,0.027942,-0.027149,0.0076015,0.010793,0.0056496,-0.011131,-0.0027436
-0.0015053,0.018491,-0.038553,0.04222,-0.040345,0.027679,0.00018104,0.00084706,-0.037174,0.051304,-0.027535,-0.00097567,0.020039,-0.027269,0.017206,0.00024054,-0.010876,0.014968,-0.014679,0.0060492,0.011777,-0.039709,0.072141,-0.076426,0.035378,0.0034783,-0.0013835,-0.013162,0.021777,-0.035552,0.031496,0.0066715,-0.038406,0.031093,-0.0035951,-0.011064,0.011211,-0.017165,0.00688,0.047858,-0.083009,0.044636,0.0049238,-0.021118,0.0075037,0.065542,-0.13086,0.054366,0.076782,-0.078422,0.0018779,0.015983,0.0099247,-0.019746,0.003861,0.015375,0.0031123,-0.042298,0.040702,-0.012747
0.019507,-0.055318,0.029991,0.01904,-0.013394,-0.025614,0.031037,-0.017608,0.022907,-0.020138,-0.0084898,0.024659,-0.018186,0.018316,-0.021784,0.013673,-0.0012672,-0.01699,0.032978,-0.022562,-0.00045334,0.021509,-0.053934,0.061767,-0.015713,-0.015299,-0.0027406,0.014857,-0.017295,0.026173,-0.00085651,-0.04409,0.044325,-0.013327,-0.0078037,0.020705,-0.02921,0.033648,-0.017332,-0.048828,0.11035,-0.082221,0.0098588,0.013881,0.0021927,-0.018197,0.027746,-0.015644,-0.016113,0.02434,0.0019937,-0.016069,-0.0043723,0.014204,0.014336,-0.030092,-0.0037846,0.043559,-0.050051,0.027224
-0.015675,0.050467,-0.030467,-0.031313,0.041999,0.012451,-0.047748,0.027405,0.009679,-0.039559,0.057133,-0.046812,0.016838,0.0046596,-0.011027,0.010072,-0.017325,0.03988,-0.041312,0.0068429,0.0091914,0.0020475,0.0062915,-0.0084753,-0.027445,0.041218,-0.0095174,-0.012677,0.017538,-0.022185,0.0064346,0.019579,-0.018259,-0.0014933,0.0091659,-0.0027237,0.0023256,-0.014952,0.0073702,0.03983,-0.075684,0.05743,-0.018572,0.0018026,-0.0056658,0.0063735,0.011954,-0.03346,0.03005,-0.0038097,-0.023388,0.029503,-0.0067093,-0.0067176,-0.022165,0.047017,-0.024671,-0.0078616,0.018189,-0.013066
-0.011008,-0.00066306,0.021253,0.00016508,-0.029841,-0.0017846,0.056862,-0.048342,-0.017554,0.072289,-0.081221,0.054538,-0.02142,0.0017144,0.0082299,-0.018967,0.036105,-0.048983,0.034009,-0.0039613,-0.0019671,-0.005807,-0.0046964,0.015539,-0.0023193,-0.01536,0.0094833,0.014599,-0.022653,0.0086201,-0.010343,0.022161,-0.0021941,-0.01834,0.00074758,0.0051503,0.018428,-0.014569,-0.008277,-0.0045072,0.031264,-0.019064,-0.021868,0.029976,0.025473,-0.080799,0.056997,0.012979,-0.04286,0.017673,0.021845,-0.0351,0.013511,-0.0044393,0.039656,-0.065405,0.038855,-0.0064694,0.0049566,-0.0022979
0.0080604,0.0069166,-0.043082,0.029735,0.021074,-0.022451,-0.034719,0.057286,0.0029147,-0.071597,0.07306,-0.040453,0.027179,-0.018472,-0.00024265,0.014792,-0.028235,0.033768,-0.01678,0.0068774,-0.017964,0.0086341,0.029023,-0.055656,0.047836,-0.012573,-0.0080509,-0.0078221,0.008556,0.010163,0.020439,-0.061131,0.028233,0.014651,-0.0056076,0.009154,-0.032889,0.012876,0.023093,-0.017779,-0.0014967,-0.014604,0.057577,-0.059383,-0.016474,0.08282,-0.048302,-0.027761,0.04719,-0.015553,-0.019125,0.031754,-0.017495,0.0075744,-0.027929,0.04208,-0.021424,0.0057628,-0.016052,0.012028
-0.0074907,-0.029174,0.071814,-0.040489,-0.023684,0.033338,0.011842,-0.029834,-0.018811,0.055935,-0.022473,-0.0097433,-0.0055578,0.005079,0.024329,-0.028662,0.013139,-0.0046027,-0.0025599,-0.0048556,0.030529,-0.029122,-0.01966,0.070496,-0.066773,0.01391,0.012954,0.010083,-0.010983,-0.018543,0.006023,0.032195,-0.033983,0.016256,0.0042532,-0.033215,0.027179,0.020577,-0.045088,0.034581,-0.023579,0.023353,-0.047256,0.071209,-0.040006,0.007622,-0.054848,0.10222,-0.066707,0.019933,-0.0082466,-0.0082001,0.014768,-0.00047878,0.017432,-0.044601,0.024914,-0.0053242,0.019361,-0.010771
0.032533,0.023437,-0.07581,0.049459,0.011614,-0.028483,0.0075288,-0.008791,0.030938,-0.016232,-0.027055,0.032048,-0.0046481,0.0041172,-0.022949,0.017617,0.0041576,-0.016477,0.01552,0.0065829,-0.044799,0.050348,0.0015759,-0.047009,0.020339,0.030987,-0.020279,-0.026124,0.02114,0.022053,-0.029736,0.0009192,0.024518,-0.030276,0.0037075,0.034865,-0.030658,-0.001846,0.002934,0.0136,-0.0079645,-0.012582,0.035624,-0.044129,0.02998,-0.043874,0.087676,-0.071324,0.0090945,-0.0033579,0.025767,-0.013347,0.013354,-0.022502,-0.021816,0.061381,-0.031444,-0.00079349,0.0036974,-0.024807
-0.046652,-0.029278,0.083003,-0.064642,0.018671,0.012085,-0.028978,0.036547,-0.018799,-0.026944,0.055853,-0.028331,-0.017344,0.024299,-0.0094214,0.0091405,-0.011838,0.009816,-0.013436,0.001352,0.036382,-0.050282,0.014942,0.010357,0.024107,-0.063976,0.033579,0.026151,-0.026658,-0.0086688,0.011569,0.0026448,-0.0076417,0.010255,0.0097003,-0.040235,0.027814,-0.010425,0.04812,-0.076549,0.040455,-0.00062442,-0.00048291,-0.013355,0.017399,0.004424,-0.030741,0.020199,-0.0017013,0.016185,-0.031028,0.030017,-0.032896,0.013852,0.029942,-0.040919,0.023047,-0.018168,-0.003984,0.05209
0.038508,0.027307,-0.090305,0.072159,-0.021506,-0.0099086,0.039255,-0.052685,0.012422,0.048723,-0.06433,0.02536,0.023243,-0.041039,0.027055,-0.0090842,0.0057538,-0.0078998,0.0035115,0.0012282,-0.0059632,0.016241,-0.0089377,-0.021193,0.021805,0.010799,-0.0080201,-0.027584,0.035895,-0.023331,0.012583,0.0059858,-0.017875,0.021668,-0.039731,0.03601,0.0077034,-0.015361,-0.032833,0.056703,-0.034252,0.013356,-0.011015,0.014122,-0.010125,0.0012296,-0.0098891,0.031231,-0.02468,-0.014455,0.048233,-0.055503,0.040128,-0.010202,-0.019285,0.031054,-0.029706,0.031044,-0.017422,-0.026192
-0.031694,-0.017102,0.077984,-0.050293,0.0037213,-0.0070379,-0.0044329,0.03935,-0.01533,-0.047193,0.054189,-0.01332,-0.0094624,0.0061474,0.0054632,-0.012196,-0.0028449,0.015622,0.002263,-0.0084728,-0.013969,0.014899,-0.013329,0.050884,-0.065402,0.028596,-0.010821,0.020827,-0.025229,0.035368,-0.030384,-0.0069166,0.023927,-0.019991,0.031241,-0.014632,-0.030338,0.020096,0.033054,-0.052993,0.040628,-0.015673,-0.01364,0.013988,0.002623,0.0055507,-0.0012483,-0.050759,0.074962,-0.014621,-0.055411,0.062413,-0.04388,0.031902,0.0072393,-0.053343,0.049006,-0.028804,0.028282,0.00054064
0.045594,0.019647,-0.074987,0.040813,-0.0029828,0.021434,-0.017678,-0.029029,0.026779,0.028583,-0.042833,0.012991,-0.0088986,0.02981,-0.036447,0.017789,0.018071,-0.027902,-0.0086275,0.022554,0.00812,-0.012056,0.0015589,-0.032883,0.051963,-0.022216,0.0024693,-0.0053933,0.011318,-0.030652,0.034299,-0.0079491,0.0051302,-0.017776,0.0045315,-0.011292,0.043249,-0.016193,-0.051627,0.065471,-0.041406,0.042243,-0.051224,0.038844,-0.016586,-0.0066479,0.015624,0.016145,-0.053729,0.027216,0.039023,-0.063899,0.046219,-0.019995,-0.017543,0.040951,-0.022935,0.006437,-0.002402,-0.031088
-0.023442,-0.021611,0.040552,-0.023354,0.015684,-0.028224,0.016996,0.029762,-0.037809,-0.026843,0.069817,-0.037375,0.0081286,-0.022622,0.025602,0.0064466,-0.037142,0.030139,0.011382,-0.038027,0.025581,-0.010036,0.0033145,0.014582,-0.026038,0.013719,0.0010339,-0.0086281,0.012476,-0.0039778,-0.014888,0.036748,-0.058601,0.059617,-0.034651,0.022128,-0.026118,-0.0033021,0.055051,-0.058103,0.0325,-0.061438,0.11139,-0.089578,0.026765,0.00060739,-0.0047343,0.003934,0.015872,-0.021624,-0.01629,0.050186,-0.031351,-0.020808,0.048055,-0.023243,-0.0076322,0.0048303,-0.00751,0.032102
-0.026229,0.066301,-0.058609,0.050023,-0.04902,0.035211,-0.012233,-0.036532,0.065628,0.0016384,-0.075927,0.050392,-0.010798,0.017443,-0.00075212,-0.032128,0.029654,-0.020347,0.012101,0.015603,-0.026612,0.0083141,-0.0014525,0.0057922,-0.001361,-0.00079356,-0.00087835,0.0019439,-0.011922,0.012838,0.018821,-0.053577,0.060078,-0.050697,0.031181,-0.0036742,-0.0079824,0.016356,-0.042327,0.036768,0.0062184,0.0010229,-0.048676,0.043903,-0.011283,0.0041683,0.016356,-0.046859,0.038137,-0.015801,0.0076671,0.0084145,-0.033077,0.051701,-0.04907,0.019122,-0.0080296,0.026532,-0.012306,-0.010373
0.015597,-0.069846,0.068568,-0.083241,0.075401,-0.027597,0.006365,0.038346,-0.10011,0.041415,0.063297,-0.057734,0.023789,-0.020847,-0.022651,0.054402,-0.026392,0.025316,-0.042026,0.0088656,0.019268,-0.0088604,0.011105,-0.023016,0.017242,-0.0043174,-0.015284,0.032348,-0.022223,0.0080857,-0.017,0.018631,0.00026858,-0.010151,0.016944,-0.032524,0.021601,0.0069411,-0.0015534,-0.0028733,-0.035267,0.051029,-0.020305,0.0051137,-0.0050546,-0.0027848,-0.0067806,0.025346,-0.036352,0.045843,-0.019575,-0.033735,0.045035,-0.03309,0.032815,-0.016497,0.01527,-0.033173,-0.007584,0.04419
0.010643,0.017385,-0.012298,0.063432,-0.060629,-0.0095741,0.013846,-0.02239,0.076974,-0.027714,-0.06514,0.041737,0.007046,-0.011898,0.040424,-0.049979,0.015193,-0.023845,0.05386,-0.032896,0.0022745,0.0023958,-0.004351,0.01135,-0.022308,0.019206,0.01991,-0.054616,0.040963,-0.011373,0.0014589,0.0069711,-0.02474,0.033764,-0.037666,0.042049,-0.016603,-0.02249,0.0097137,0.017113,0.020578,-0.060235,0.030005,0.0089974,-0.012269,0.012864,-0.024781,0.030255,-0.0034284,-0.033536,0.011884,0.033466,-0.022698,0.0079554,-0.02144,0.0070337,0.003143,-0.001345,0.054845,-0.078495
0.018211,-0.036736,0.0038601,-0.036298,0.047119,0.0081997,-0.017902,0.0096659,-0.031079,-0.0049904,0.05633,-0.013999,-0.044093,0.046892,-0.041481,0.020029,0.0189,-0.0070281,-0.03997,0.051559,-0.030548,0.0060328,0.0052179,0.0040928,-0.00084301,-0.024763,0.015944,0.029298,-0.036111,0.00048394,0.013696,-0.0045774,0.0029731,-0.001533,0.0080278,-0.025073,0.0023733,0.034189,0.0079357,-0.065229,0.017323,0.057192,-0.04297,-0.0060841,0.017696,-0.01142,0.020081,-0.038172,0.026885,0.0079272,-0.0011433,-0.034562,0.041255,-0.042013,0.040227,-0.012552,0.011092,-0.015622,-0.042536,0.05862
-0.042352,0.075451,-0.048092,0.037693,-0.029764,-0.01823,0.048839,-0.033482,0.010298,0.014641,-0.028386,0.00054034,0.038502,-0.049532,0.041557,-0.018717,-0.015806,0.034317,-0.021254,-0.014869,0.038397,-0.012749,-0.018171,-0.0038138,0.024214,0.0028266,-0.0098469,-0.022534,0.030731,-0.019268,0.023641,-0.026064,0.025603,-0.027579,-0.0020352,0.037304,-0.010306,-0.028169,-0.011895,0.068692,-0.032345,-0.054008,0.069731,-0.011039,-0.025276,0.011872,-0.015334,0.052005,-0.063635,0.040483,-0.02273,0.020683,-0.039508,0.073944,-0.067274,0.019469,-0.012033,0.028065,0.0033462,-0.016744
0.022737,-0.040665,0.022835,-0.014686,0.014731,0.014279,-0.037851,0.018209,0.014622,-0.033204,0.028778,0.0052519,-0.033776,0.025073,-0.010909,0.011891,0.0036077,-0.043321,0.058583,-0.015225,-0.033378,0.021701,0.0012655,0.023182,-0.03859,0.02148,-0.023512,0.018949,0.011868,-0.0067739,-0.008208,-0.016485,0.0068706,0.032787,0.0021284,-0.053319,0.02019,0.016504,0.015635,-0.049051,0.026208,0.03093,-0.057208,0.018573,0.020036,-0.0097914,0.0069916,-0.03132,0.03427,-0.018228,0.0037424,0.0052051,0.029312,-0.093388,0.091775,-0.030399,0.014211,-0.037547,0.023409,-0.00098342
-0.010727,0.02405,-0.048219,0.060097,-0.02608,-0.024282,0.035494,-0.014158,-0.00055173,-0.0053495,0.027312,-0.043678,0.028419,0.0064419,-0.023802,0.0098038,0.0090471,0.01025,-0.049237,0.030168,0.033029,-0.043783,0.014851,-0.021461,0.038895,-0.032142,0.024574,-0.0080378,-0.013058,-0.0017034,0.01247,0.017912,-0.016822,-0.024132,0.017637,0.020085,-0.020181,0.0062561,-0.0079177,0.0086806,-0.0067884,0.0019086,0.0029221,0.011348,-0.020647,-0.0030435,0.013509,0.015276,-0.029945,0.0074189,0.014583,-0.0068845,-0.033218,0.072794,-0.062527,0.016888,0.0054367,-0.00028155,-0.0024363,0.0035349
