0.016104,-0.017661,-0.021003,0.026847,0.022282,-0.066279,0.051763,-0.011643,0.0019406,-0.0022326,-0.013943,0.01631,-0.0019275,-0.004381,0.01052,-0.0088583,-0.019163,0.033364,0.00062962,-0.042205,0.046809,-0.018552,-0.01438,0.023256,-0.0099557,0.011656,-0.035846,0.043365,-0.028474,0.023752,-0.014626,-0.020919,0.032205,-0.0034482,0.0047664,-0.030353,0.010996,0.018313,-0.0023194,-0.019309,0.020625,-0.014437,-0.010923,0.037384,-0.02995,0.009419,0.0006037,-0.0011488,-0.0056546,-0.0041253,0.022752,-0.011625,0.021871,-0.091198,0.11536,-0.063022,0.039817,-0.042567,0.0065799,0.012834
-0.010642,0.021534,-0.0065488,-0.0019186,-0.0022266,0.012956,-0.003511,-0.022545,0.026258,-0.026742,0.046111,-0.043693,0.012014,0.01895,-0.033161,0.00046008,0.058761,-0.05355,-0.023552,0.085295,-0.079001,0.020515,0.020234,-0.0042551,0.0015965,-0.048638,0.068059,-0.042479,0.040984,-0.061955,0.040699,0.026671,-0.06232,0.02213,0.025336,-0.02761,0.027406,-0.027161,-0.0038308,0.020301,-0.0015252,-0.0083155,0.0084366,-0.0061707,-0.0090954,0.01225,-0.0048754,0.0092179,-0.0020887,-0.0041375,-0.0095643,-0.0036565,0.0086833,0.055875,-0.080611,0.007011,0.035536,-0.020466,0.02659,-0.024026
0.010293,-0.019485,0.0055857,-0.013684,0.016807,0.0023515,-0.016231,0.019827,-0.020246,0.025729,-0.039419,0.043018,-0.031172,0.0083133,0.018395,-0.0036721,-0.051643,0.049402,0.034559,-0.092751,0.060568,0.0094465,-0.03888,0.022966,-0.02477,0.05527,-0.057997,0.025776,0.0029204,-0.020274,0.045973,-0.093332,0.12078,-0.072994,-0.00058661,0.033117,-0.051,0.050111,-0.011553,0.0089424,-0.04481,0.034297,-0.0073934,0.006378,0.0098099,-0.018517,0.0039771,-0.018333,0.02478,0.0051972,-0.00507,0.0037124,-0.033878,0.0077604,0.037256,0.0034592,-0.042639,0.017715,-0.013065,0.018894
-0.020358,0.022652,-0.0022789,0.012236,-0.011962,-0.022957,0.035141,-0.0068578,-0.0049458,-0.023962,0.040655,-0.018512,0.0033985,0.0017257,-0.029108,0.028014,0.022996,-0.021542,-0.055719,0.091861,-0.037684,-0.03599,0.057366,-0.032961,0.034856,-0.072021,0.065085,-0.01809,0.0062136,-0.0050557,-0.038792,0.086791,-0.096902,0.077042,-0.031501,-0.032089,0.072794,-0.052894,0.0068477,-0.013149,0.060143,-0.062787,0.02204,0.0010543,-0.0019814,-0.0018885,0.0053878,0.0014969,-0.011113,0.01737,-0.02422,0.011009,0.011829,-0.0048414,-0.0014847,-0.01633,0.010649,0.0022724,0.019347,-0.018295
0.021517,-0.005866,-0.030449,0.016179,0.0076817,0.025315,-0.042034,-0.0024896,0.02279,0.0033864,-0.0056039,-0.011539,0.0072244,-0.017843,0.053983,-0.047506,0.0081982,-0.02406,0.080299,-0.085914,0.030433,0.025544,-0.036929,0.019865,-0.034783,0.071788,-0.051395,-0.0046873,0.0082378,0.014588,0.0022514,-0.032176,0.039074,-0.032083,0.0058,0.047726,-0.088059,0.062042,0.0044048,-0.021042,-0.018065,0.033099,-0.021393,0.028096,-0.031473,0.020794,-0.021485,0.013759,0.0081406,-0.012362,0.012589,-0.017268,0.004233,-0.0020234,0.021295,-0.016254,0.0058588,-0.022771,0.024837,-0.013472
-0.016507,-0.016841,0.043029,-0.042471,0.030618,-0.051117,0.057854,-0.013432,-0.016227,0.013926,-0.032458,0.048272,-0.019914,-0.0031706,-0.011291,0.011785,0.01008,0.0071206,-0.053122,0.048048,0.0027558,-0.020141,-0.0071493,0.025944,-0.010361,-0.021775,0.037091,-0.027002,0.018563,-0.017595,0.0024573,0.017457,-0.023229,0.025023,-0.01735,-0.019941,0.051966,-0.021668,-0.039541,0.047053,-0.013968,0.012881,-0.011283,-0.042424,0.073963,-0.041142,0.019308,-0.015998,-0.015229,0.03922,-0.03854,0.040392,-0.016911,-0.020909,0.0084355,0.019157,-0.01887,0.0432,-0.080112,0.062093
0.014112,0.027291,-0.035015,0.050222,-0.055838,0.036331,-0.017671,0.0066972,0.0082583,-0.027664,0.046735,-0.048404,0.017244,0.017497,-0.019115,0.011767,-0.022938,0.016971,0.01729,-0.024894,0.0022663,-0.0053125,0.029311,-0.02615,-0.007483,0.040689,-0.044644,0.021209,-0.0057955,0.00085971,0.017237,-0.024347,0.0079407,-0.011211,0.026202,-0.0057441,-0.018407,-0.0040836,0.041412,-0.047398,0.03731,-0.038821,0.026372,0.02661,-0.066385,0.048344,-0.027876,0.029952,-0.0026286,-0.03763,0.041006,-0.029252,0.0075993,0.033299,-0.038031,0.0045113,0.0031121,-0.015624,0.067297,-0.074593
0.0068149,-0.048852,0.020917,-0.0043547,0.013457,-0.00080417,-0.022375,0.02002,-0.0045063,-0.0014932,0.0036318,0.00026479,-0.019328,0.031435,-0.020092,0.0056587,0.0013623,-0.0045274,-0.00064451,0.0030451,0.000877,0.012483,-0.026946,0.0004554,0.046323,-0.059002,0.020866,0.036109,-0.051964,0.019396,-0.003566,0.019369,-0.024578,0.027561,-0.037901,0.018479,0.013825,-0.0051644,-0.023113,0.024151,-0.013235,0.019078,-0.022162,-0.0028904,0.029046,-0.028708,0.028923,-0.033562,0.0087299,0.015666,-0.0018325,-0.011721,0.018466,-0.046188,0.051222,-0.022022,0.017455,-0.006235,-0.053262,0.065939
0.0060561,0.023182,0.00054375,-0.019656,0.016714,-0.021898,0.032827,-0.019175,-0.013592,0.034186,-0.034929,0.0091689,0.049709,-0.085764,0.049713,-0.003553,0.0033092,-0.0066671,-0.0033001,-1.4576e-05,-0.0016797,0.0053582,0.025245,-0.041642,-0.0074601,0.039827,0.01655,-0.084124,0.074411,-0.021427,-0.0017522,-0.0066278,0.014289,-0.026342,0.043084,-0.02894,-0.0028875,-0.0050682,0.02895,-0.0030932,-0.033245,0.006508,0.038164,-0.021777,-0.023118,0.031161,-0.017964,0.015303,-0.01409,0.015608,-0.026451,0.03078,-0.035939,0.055571,-0.057877,0.030286,-0.0023989,-0.031936,0.074042,-0.066157
-0.047074,0.057397,-0.04694,0.042186,-0.046407,0.04848,-0.052564,0.037848,0.0036509,-0.032498,0.02914,0.010156,-0.079911,0.10059,-0.031374,-0.020414,0.002503,0.0021653,0.0083206,0.020472,-0.040001,0.032617,-0.060754,0.078609,-0.015962,-0.031725,-0.018586,0.076669,-0.065288,0.029165,-0.0095362,-0.0023326,0.007122,0.0028128,-0.012579,-0.0015192,0.023722,-0.012498,-0.006849,-0.026713,0.06529,-0.02515,-0.030693,0.0054681,0.050097,-0.053929,0.022026,0.0029091,-0.00041263,-0.026813,0.040616,-0.033093,0.043914,-0.061783,0.043948,-0.004578,-0.029405,0.051303,-0.047651,0.03584
0.065526,-0.085181,0.053282,-0.046783,0.055341,-0.044791,0.049025,-0.065036,0.047692,-0.013818,0.003239,-0.023956,0.063352,-0.065565,0.0029418,0.038488,-0.012907,0.00033973,-0.013473,-0.016472,0.056063,-0.047848,0.041767,-0.060018,0.04825,-0.021389,0.033848,-0.054653,0.039851,-0.018126,0.011296,0.004864,-0.026234,0.022392,-0.010174,0.022004,-0.030984,0.0082149,-0.00034354,0.045136,-0.081951,0.052949,-0.013321,0.036449,-0.085997,0.080689,-0.023125,-0.019767,0.015223,0.017942,-0.049299,0.056857,-0.043003,0.037652,-0.044476,0.017814,0.041586,-0.052132,0.0046928,-0.0039472
-0.061771,0.059328,0.0054673,-0.0053651,-0.015615,-0.0073742,0.0094815,0.038421,-0.07578,0.078752,-0.060844,0.033252,-0.024252,0.027776,0.0028262,-0.043896,0.038307,-0.021244,0.033515,-0.028533,-0.0070219,0.023342,-0.029417,0.057713,-0.075405,0.061958,-0.048291,0.036147,-0.0089183,-0.013482,0.021236,-0.03607,0.050453,-0.0378,0.016766,-0.01839,0.02343,-0.010353,0.0085075,-0.034186,0.046777,-0.022507,0.0017252,-0.02787,0.076701,-0.075924,0.011287,0.039847,-0.031093,0.00050306,0.026434,-0.04326,0.026184,-0.010742,0.040535,-0.037259,-0.032414,0.035812,0.039904,-0.02731
0.033778,-0.050654,-0.011253,0.010461,0.020186,0.0078079,-0.02175,-0.02577,0.073043,-0.092658,0.077131,-0.028775,0.014484,-0.039083,0.014247,0.045822,-0.054814,0.03648,-0.045364,0.052618,-0.031628,0.0014788,0.024368,-0.041201,0.04572,-0.044122,0.042346,-0.038686,0.021723,0.0073114,-0.011209,-0.020297,0.033873,-0.012056,-0.0027267,0.0078377,-0.022598,0.024717,-0.011045,0.0093082,-0.0067089,-0.015313,0.028766,-0.011273,-0.017572,0.0162,0.031955,-0.067465,0.034235,0.011764,-0.016851,0.024361,-0.036833,0.013547,0.00069586,0.01162,0.011933,-0.024184,-0.036283,0.048358
-0.021546,0.03734,-0.040932,0.05872,-0.041303,0.0069033,-0.032815,0.069476,-0.061315,0.061293,-0.060758,0.02437,-0.017506,0.042642,-0.018538,-0.028619,0.038996,-0.034836,0.034548,-0.043741,0.065574,-0.057519,0.017907,0.0024695,-0.017243,0.042941,-0.045985,0.037226,-0.024987,-0.007218,-0.0091471,0.097098,-0.12729,0.066676,-0.023074,0.0069933,0.019715,-0.019412,-0.0061463,0.0083314,0.0024963,-0.0008361,-0.012324,0.030163,-0.032084,0.029977,-0.061868,0.078204,-0.018079,-0.043546,0.043818,-0.048985,0.069538,-0.037617,-0.0058148,-0.0060017,0.019881,-0.0067568,0.011552,-0.011005
0.021355,-0.0030266,0.03685,-0.068202,0.019101,0.0094262,0.052841,-0.08284,0.045901,-0.043849,0.058228,-0.036002,0.029006,-0.040006,0.023815,-0.0021217,-0.0091101,0.009519,0.01245,-0.0076139,-0.041958,0.056691,-0.034474,0.031919,-0.019124,-0.015148,0.033986,-0.049485,0.044496,-0.003331,0.015069,-0.081452,0.080249,-0.028246,0.013494,-0.003692,-0.016201,0.00028747,0.026852,-0.02785,0.01101,0.012525,-0.0015694,-0.056077,0.077593,-0.047533,0.051077,-0.068132,0.018761,0.045402,-0.049177,0.035856,-0.047874,0.050403,-0.02927,0.01604,-0.022782,0.028982,-0.0091534,-0.023885
-0.012599,-0.012211,0.0018821,0.025622,0.0013371,-0.029365,-0.011262,0.045358,-0.035043,0.034698,-0.034293,0.031327,-0.056119,0.053177,-0.0094779,0.0042397,-0.022461,0.028153,-0.061896,0.086423,-0.0479,0.011031,-0.0054238,-0.010171,0.024421,-0.017245,-0.010334,0.047535,-0.04156,0.0056812,-0.022784,0.047646,-0.0066618,-0.027619,0.020947,-0.024057,0.002382,0.056068,-0.063031,0.020047,-0.0074617,0.028663,-0.053572,0.071104,-0.059523,0.024722,-0.011755,0.026187,-0.022133,-0.0052867,0.0047308,0.014645,0.012415,-0.059595,0.05441,-0.0249,0.02305,-0.026209,0.0071356,0.01691
-0.017859,0.022266,-0.021243,-0.00088966,-0.0030362,0.030644,-0.015102,-0.020442,0.022239,-0.0069501,-0.006514,-0.0049843,0.045576,-0.036969,-0.023578,0.026918,0.019693,-0.039942,0.058109,-0.078133,0.0525,-0.01556,0.0091043,-0.0026468,-0.01404,0.015266,0.0013723,-0.010992,-0.0020404,0.0075958,0.011372,-0.007004,-0.027026,0.043163,-0.055373,0.063355,0.0023163,-0.098909,0.089727,0.00080143,-0.018745,-0.051593,0.077325,-0.018738,-0.025401,0.021232,-0.015877,-0.0061515,0.046175,-0.041102,0.017567,-0.025389,0.0041169,0.050617,-0.06122,0.052278,-0.065988,0.061239,-0.036544,0.023416
0.027755,-0.018649,0.020523,-0.0091206,0.0075777,-0.02461,0.010275,0.014532,0.0047328,-0.025124,0.002614,0.026822,-0.032687,0.012339,0.021222,-0.024437,-0.0089601,0.024974,-0.012919,0.011345,-0.01507,-0.0043598,0.030656,-0.034686,0.020722,-0.0092689,0.013268,-0.024355,0.017986,-0.0014823,0.0063642,-0.014437,0.001164,-0.012678,0.061336,-0.06475,-0.004229,0.063169,-0.044143,-0.026394,0.048827,0.012618,-0.0425,-0.020016,0.06362,-0.044436,0.026491,0.006806,-0.053693,0.035091,0.0059331,0.010095,-0.018032,-0.019746,0.049096,-0.075356,0.1017,-0.085295,0.052943,-0.04116
0.022008,-0.024615,-0.0078487,0.026972,-0.033823,0.03388,-0.014432,0.0090061,-0.031133,0.018852,0.039224,-0.066916,0.038994,-0.0056829,-0.0060211,0.0024212,0.0079412,-0.0053789,-0.01272,0.017027,-0.0080084,0.015232,-0.029402,0.022994,-0.002735,-0.0067497,-0.008723,0.029523,-0.018629,-0.0038568,-0.00089703,-0.0043678,0.034012,-0.016482,-0.034644,0.021801,0.028348,-0.018635,-0.035346,0.064438,-0.054524,0.025248,-0.0043148,0.011751,-0.037838,0.053075,-0.032067,-0.0069054,0.0093166,0.021606,-0.030039,0.012507,0.0020366,-0.0028211,-0.028842,0.072192,-0.062962,0.022551,-0.015169,0.0095715
-0.056764,0.052999,9.6776e-05,-0.038982,0.055345,-0.04724,0.026079,-0.032716,0.039241,0.010159,-0.064984,0.054845,-0.017402,0.011163,-0.022301,0.017712,-0.0022876,-0.0020694,0.0085489,-0.045769,0.072553,-0.031043,-0.023431,0.020968,-0.011324,0.027526,-0.011894,-0.02516,0.016665,0.013064,-0.017799,0.023294,-0.039624,0.033482,-0.0158,0.032087,-0.060712,0.022934,0.063362,-0.079264,0.02542,-0.012894,0.020293,0.020017,-0.033171,-0.0026354,-0.010697,0.036265,0.010251,-0.0445,0.016981,-0.0049057,0.001886,0.016255,0.0099101,-0.037529,-0.015856,0.057788,-0.021009,0.012571
0.040675,-0.050064,0.01458,0.025087,-0.049893,0.046061,-0.021083,0.013196,-0.011074,-0.020382,0.043652,-0.024927,0.010008,-0.02884,0.051603,-0.044609,0.01262,-0.015069,0.06013,-0.041842,-0.044173,0.056593,0.0021107,-0.016021,0.0032262,-0.0069102,-0.0060514,0.016932,0.0017033,-0.022391,0.043146,-0.052638,0.033466,-0.039122,0.076432,-0.084141,0.067592,-0.019878,-0.066749,0.067566,0.03211,-0.056264,0.021764,-0.057682,0.072146,-0.011725,-0.0021547,-0.0068374,-0.039902,0.053323,-0.0044216,-0.021176,0.027768,-0.032378,0.013815,-0.035249,0.11408,-0.12494,0.045794,-0.0085872
-0.030184,0.043054,-0.023122,-0.0087094,0.031174,-0.025637,-0.0041387,0.019068,-0.013347,0.014676,-0.015509,0.010913,-0.019131,0.030153,-0.039979,0.045744,-0.018879,0.026914,-0.14845,0.22506,-0.10521,-0.038298,0.030412,0.021577,0.011409,-0.086254,0.1016,-0.040351,-0.015743,0.033413,-0.051901,0.03924,0.0059389,0.022432,-0.092488,0.08106,-0.026463,-0.021307,0.065344,-0.0097507,-0.11799,0.11824,-0.028313,0.018318,-0.020572,-0.039201,0.066837,-0.053547,0.057993,-0.047391,0.0039775,0.035927,-0.053904,0.040182,-0.033287,0.10132,-0.18847,0.17125,-0.072592,0.016891
0.010643,-0.022503,0.0088038,0.0083256,-0.0042685,-0.0045195,0.012182,-0.019308,0.01477,-0.0068809,0.0062669,-0.0046792,0.0069763,-0.020492,0.028326,-0.021888,0.020338,-0.055028,0.14565,-0.23432,0.20181,-0.071881,0.03879,-0.1161,0.06731,0.12372,-0.18597,0.074217,0.019385,-0.067338,0.098849,-0.042121,-0.030376,-0.0091556,0.061006,-0.027881,-0.0080765,0.0075398,0.017621,-0.086436,0.12792,-0.06917,-0.012211,0.047222,-0.057129,0.04931,-0.03488,0.032845,-0.026449,0.018443,-0.0091885,-0.035845,0.07381,-0.040287,0.013018,-0.074943,0.15108,-0.14596,0.075844,-0.016734
0.0021499,0.014617,-0.0050836,-0.0052129,-0.0039761,0.004421,-0.0010517,0.013573,-0.016264,0.0052706,-0.010712,0.015196,-0.005681,0.013854,-0.017238,0.00162,-0.036605,0.0915,-0.087919,0.11245,-0.15521,0.072387,-0.035474,0.19394,-0.19714,-0.058922,0.14818,-0.041438,0.029207,-0.0039075,-0.09849,0.060561,0.026981,0.012113,-0.027238,-0.024572,0.019487,-0.0002933,-0.015179,0.063203,-0.043853,-0.033817,0.047677,-0.052074,0.082539,-0.048056,-0.0044867,0.0013356,-0.0019284,0.0069337,0.0071007,0.022478,-0.064954,0.033243,0.011598,0.013036,-0.064993,0.078121,-0.041696,-0.0013048
-0.0014275,-0.014227,0.010913,0.0011924,-0.0061302,0.0067759,-7.4165e-06,-0.010527,0.0086591,-0.0032804,0.010298,-0.01273,0.0057646,-0.00697,-0.00074891,0.010685,0.02718,-0.06637,0.04822,-0.046071,0.035885,0.073148,-0.086579,-0.10004,0.14046,0.041456,-0.069132,-0.035218,-0.0066814,0.058912,-0.00056699,-0.011161,0.005231,-0.037505,-0.010532,0.057467,-0.0076552,0.018583,-0.05324,-0.031129,0.029691,0.13991,-0.1715,0.013976,0.076334,-0.060642,0.044298,-0.030794,0.011912,0.0049147,-0.020891,0.0099202,0.020875,-0.023897,0.0053718,-0.0046474,0.02367,-0.034886,0.018462,0.0050113
-0.0027846,0.0029076,-0.0072612,-0.0024973,0.0072783,-0.00089135,-0.0012587,5.2805e-05,0.0042753,-0.0057637,-0.0031369,0.0014127,0.0094983,-0.0055283,0.0070535,-0.016894,0.0024431,0.0073053,0.0078068,-0.0046484,0.014464,-0.077014,0.090303,-0.014444,-0.010303,-0.047931,0.041956,0.054824,-0.10235,0.047314,0.011295,0.012111,-0.071773,0.052747,0.035439,-0.041981,-0.034208,0.030938,-0.0073404,0.09952,-0.079095,-0.17515,0.21743,0.14314,-0.40555,0.31343,-0.15904,0.070519,0.022989,-0.055159,0.025578,-0.028722,0.026027,0.011535,-0.013036,-0.012327,0.010062,0.0071888,-0.017705,0.014964
0.0062449,-0.0056498,0.0093082,0.0022807,-0.0056115,-0.0045426,0.0052971,-0.0060294,0.00033215,0.014024,-0.0065295,-0.0013461,-0.013732,0.017837,-0.015247,0.021319,-0.01596,0.021341,-0.045739,0.041658,-0.018889,0.016731,-0.027962,0.038323,-0.034115,0.025519,-0.025275,-0.025159,0.10173,-0.076354,0.010969,-0.030611,0.038438,0.020826,-0.040889,0.006489,0.036634,-0.051965,0.019936,-0.03729,0.063979,0.061403,-0.039027,-0.4227,0.78165,-0.58622,0.25533,-0.10104,-0.020048,0.068037,-0.0090303,0.0099012,-0.034819,-0.00090991,-0.0054217,0.046706,-0.033686,0.008488,-0.0011568,-0.0077754
-0.0084569,0.0082782,-0.0031197,9.3962e-05,0.002196,-0.00049391,-0.0056882,0.0102,-0.0034554,-0.0053272,0.001981,-0.00093194,0.0084765,-0.010967,0.010047,-0.0073841,0.0091939,-0.026618,0.035722,-0.028883,0.027563,-0.014066,0.0038532,-0.034077,0.039518,-0.0030052,0.004828,-0.0067734,-0.020084,-0.00027348,-0.00026842,0.058386,-0.020433,-0.054425,0.011088,0.033329,-0.03752,0.062848,0.0091331,-0.085302,-0.013078,0.059466,-0.12375,0.61092,-1.0331,0.68702,-0.10143,-0.044593,0.03279,-0.10825,0.088395,-0.018724,0.011973,0.004068,-0.012251,-0.020963,0.023084,-0.0022292,0.0052111,-0.0037007
0.013286,-0.009613,-0.012172,0.0012297,-0.00051985,0.012503,-5.4837e-05,-0.0062393,0.00073339,-0.010858,0.010793,0.00083551,0.0044394,-0.0032926,-0.0043486,-0.0071471,0.0043616,0.010992,0.0044193,-0.010619,-0.0063795,-0.015216,0.035642,-0.0052982,0.0013691,-0.026616,0.0044476,0.032745,-0.05133,0.04149,0.061642,-0.15624,0.080041,0.0060702,0.044655,-0.07391,0.074268,-0.12517,0.054789,0.07876,-0.015025,-0.066005,0.094092,-0.44094,0.78992,-0.40973,-0.28051,0.42932,-0.25516,0.22983,-0.18992,0.054134,-0.002163,-0.010432,0.039857,-0.013617,-0.013127,-0.0020344,-0.0093416,0.016358
-0.0085946,0.015427,0.010419,0.0012277,0.00095737,-0.017876,-0.00046945,0.008109,-0.0022876,0.020841,-0.018686,0.0009895,-0.011593,0.0097108,0.0037169,0.0073135,-0.0070482,0.0080146,-0.038001,0.034839,-0.010153,0.029537,-0.045505,0.029397,-0.025343,0.025503,-0.010828,-0.038909,0.12184,-0.10295,-0.037388,0.060916,0.048428,-0.032352,-0.082078,0.09041,-0.063428,0.095909,-0.068199,-0.014769,0.0010481,0.036495,0.021753,0.013304,-0.19547,0.10748,0.37077,-0.6875,0.53197,-0.22883,0.055665,0.0032386,-0.003735,0.010426,-0.033376,0.017488,-0.0010951,0.0057294,0.026131,-0.03854
0.0046836,-0.015211,0.0072863,-0.01039,0.0014451,0.010755,-0.0021641,-0.00056327,0.00046378,-0.01433,0.013803,-0.0043778,0.0083937,-0.0073396,0.0040989,-0.0049749,-0.0032193,-0.0045584,0.02751,-0.022642,0.0075262,-0.0048922,-0.0020006,0.0030036,-0.0028542,0.0057335,0.013064,0.013236,-0.11153,0.13734,-0.1044,0.16532,-0.19477,0.047095,0.089113,-0.074152,0.024383,-0.02371,0.041476,-0.03661,0.0226,-0.0088568,-0.10662,0.24899,-0.10625,-0.12948,-0.10308,0.54768,-0.47994,0.045712,0.14445,-0.074874,0.023351,-0.020787,0.016056,-0.01548,0.014569,0.0039817,-0.032532,0.029462
-0.014174,0.0048594,-0.011378,0.014289,0.0058512,-0.0060129,-0.0049539,-0.0048918,0.0047254,0.0052223,-0.00059342,0.0029109,-0.005065,-0.0056189,0.00038158,0.0015019,0.01753,-0.018386,0.01491,-0.021931,0.0031376,0.004515,0.026495,-0.031468,0.01523,-0.011022,-0.010555,0.011092,0.043321,-0.090861,0.13274,-0.16579,0.1049,0.0015026,-0.043585,0.038422,-0.0014158,-0.040349,0.020061,0.0022086,0.0073597,-0.016777,0.15951,-0.3292,0.10906,0.25609,-0.11673,-0.24698,0.1679,0.13142,-0.167,0.061077,-0.032809,0.022631,-0.00053863,0.0098091,-0.016174,-0.012307,0.02682,-0.00090591
0.0089195,0.0016875,0.0040963,-0.0095305,-0.0034482,0.00081362,0.007521,0.0048387,-0.0045633,-0.0017171,-0.009975,0.0052441,0.002191,0.011549,-0.0023174,-0.0066077,-0.028027,0.053469,-0.059904,0.065065,-0.029173,-0.0026706,-0.023138,0.029533,-0.0038033,0.001465,0.012631,-0.035023,0.013395,0.025058,-0.058212,0.067511,-0.025313,0.001141,-0.0040788,-0.045342,0.064331,0.0041191,-0.042167,0.044628,-0.031318,0.0035439,-0.16252,0.36653,-0.10117,-0.29755,0.061185,0.38717,-0.26578,-0.064913,0.068597,0.018832,0.013244,-0.019114,-0.01644,0.0071134,0.019974,-0.021482,0.011942,-0.012036
0.0063772,0.0058163,-0.00057143,0.0013314,-0.011506,0.0058451,0.0026165,-0.0037075,0.0040319,-0.00305,0.0033937,-0.00098488,-0.001595,-0.0031477,-0.0046072,0.011521,0.03036,-0.094965,0.12126,-0.096648,0.040012,-0.006058,0.01594,-0.0025894,-0.038124,0.044735,-0.04167,0.0529,-0.046986,0.025946,0.024336,-0.08687,0.063183,0.0055865,-0.016219,0.061815,-0.17331,0.1801,-0.050142,-0.064014,0.046404,0.017301,0.11547,-0.28348,0.02826,0.25233,0.19903,-0.807,0.61222,-0.086902,0.0039685,-0.089748,0.018062,0.013079,0.033501,-0.021826,-0.021547,0.042521,-0.031774,-0.00020319
-0.030028,-0.0064187,0.0015993,0.0043776,0.01593,-0.0041107,-0.0094578,-0.0011437,-0.0074873,0.012251,0.0058221,-0.0070815,0.0021015,-0.0082019,0.0083112,-0.0048163,-0.024056,0.09247,-0.12925,0.092694,-0.037771,0.016221,-0.020664,-0.0067198,0.08962,-0.14342,0.10883,-0.055991,0.050162,-0.050736,-0.0098595,0.088496,-0.059702,-0.037758,0.042479,-0.020426,0.11818,-0.17989,0.032586,0.12625,-0.070256,-0.018865,-0.11739,0.22317,0.038995,-0.20548,-0.25339,0.71572,-0.46756,0.024363,0.017473,0.048788,0.0022331,0.0067512,-0.047715,0.026803,-0.0027341,-0.022321,0.028902,0.019115
0.035884,-0.0027945,-0.0064224,-0.0078568,-0.0060507,0.003388,0.0089185,-0.0047441,0.015669,-0.018808,-0.0043429,0.007073,-0.0002899,0.0082851,-0.00033037,-0.011561,0.0098984,-0.029038,0.053668,-0.040451,0.011161,-0.0032788,0.012105,0.013211,-0.099206,0.1508,-0.095355,0.04002,-0.059417,0.064928,-0.021647,-0.0053136,0.00068693,0.015683,-0.030161,0.025008,-0.022911,0.026615,0.032569,-0.099382,0.026628,0.040974,0.12446,-0.23671,-0.012347,0.1588,0.19545,-0.4796,0.24035,0.048094,-0.053108,0.03165,-0.044051,-0.017117,0.045506,-0.029125,0.040292,0.0033935,-0.062779,0.013027
-0.024309,0.0074808,0.013551,-0.00015827,-0.0025573,-0.0060781,-0.00097463,0.012953,-0.018083,0.013573,-0.00065583,-0.0027549,-0.0026048,0.0022495,-0.01142,0.026018,-0.011588,-0.010722,0.0041097,0.0023117,0.0071493,-0.0030586,0.0017679,-0.034384,0.063005,-0.043278,0.0081414,-0.020173,0.061977,-0.055296,0.013034,-0.010062,0.01422,0.013265,0.0016459,-0.0587,0.075829,-0.071573,0.045814,0.034931,-0.054252,0.0067723,-0.078908,0.1366,0.031408,-0.064445,-0.28461,0.48946,-0.24016,-0.018975,0.041006,-0.039557,0.048394,0.014195,-0.058606,0.057765,-0.061079,0.022053,0.037358,-0.019029
0.029533,-0.020527,-0.0087972,0.0060083,0.0065005,0.0087793,-0.0065622,-0.017389,0.013244,0.0022502,-0.0010991,-0.0037555,0.01229,-0.017982,0.013819,-0.017799,0.015024,0.0046523,-0.0042616,-0.0032034,-0.0081823,0.0027813,0.0030496,0.028211,-0.036733,0.00022422,0.014092,0.0051021,-0.024248,0.016378,0.030353,-0.050495,0.0088381,0.011295,-0.0024356,0.034159,-0.077804,0.098177,-0.075306,-0.048118,0.16309,-0.11358,0.029537,-0.0213,-0.019973,-0.0074098,0.25499,-0.42656,0.26343,-0.032694,-0.023835,0.02919,-0.051497,0.00061104,0.084562,-0.097353,0.066674,-0.053014,0.03795,-0.022878
-0.022556,0.012648,0.016763,-0.013439,0.0084356,-0.015903,-0.011719,0.031323,-0.00032453,-0.020538,0.010896,0.0043197,-0.028218,0.034356,-0.013899,0.010481,-0.013781,0.0047002,-0.011059,0.0095992,0.016035,-0.010825,-0.011028,-0.0060275,0.027452,-0.019876,0.0042049,0.0075071,-0.0020769,-0.00078373,-0.037113,0.054359,-0.0025455,-0.035653,0.030913,-0.026926,0.0006141,0.021567,0.011611,0.0095456,-0.11106,0.10196,0.0021899,0.0085053,-0.073647,0.075042,-0.1829,0.40357,-0.40343,0.15149,0.020834,-0.045597,0.065345,-0.034383,-0.069111,0.10857,-0.085332,0.082822,-0.062704,0.024813
0.00924,0.011418,-0.060156,0.064611,-0.051411,0.032904,0.025221,-0.048183,-0.0064901,0.047901,-0.038498,0.0074185,0.026016,-0.023019,-0.0042965,-0.0021186,0.02211,-0.024184,0.024093,-0.0085897,-0.013572,-0.0030664,0.030555,-0.020093,-0.0093172,0.022476,-0.0069336,-0.0091088,-0.0071994,0.011461,0.019275,-0.015795,-0.01821,0.021157,-0.02442,0.033961,0.011156,-0.054648,0.010655,0.040751,-0.0085319,-0.038106,0.028158,-0.021398,0.051109,-0.065899,0.12609,-0.295,0.35733,-0.15698,-0.050976,0.07054,-0.041398,0.024955,0.035389,-0.077325,0.076347,-0.076522,0.046936,-0.0077946
-0.009351,-0.022979,0.082669,-0.094023,0.063759,-0.029615,-0.016128,0.03171,0.015446,-0.055822,0.044917,-0.016229,-0.0072357,0.015812,-0.0064975,0.0044682,-0.019765,0.029579,-0.017791,-0.0080699,0.01668,0.015513,-0.054727,0.044802,0.0047073,-0.026749,0.0045129,0.0079471,0.001334,0.0042673,-0.0051164,-0.020877,0.026096,-0.0047973,0.0051348,-0.012794,-0.0037569,0.020858,-0.0080952,-0.032895,0.046146,0.0086373,-0.041175,-0.013528,0.061427,-0.067204,0.071423,-0.010561,-0.088554,0.058218,0.049304,-0.050847,-0.012828,0.034646,-0.030945,0.018725,-0.0091965,0.022561,-0.024767,0.011619
-0.004202,0.018132,-0.023805,0.016328,-0.013846,0.015113,-0.0015786,-0.00039506,-0.030086,0.046894,-0.023689,-0.0010644,0.016145,-0.042355,0.054885,-0.030178,0.005107,-0.0028169,-0.0012997,0.015719,-0.017948,-0.012409,0.054751,-0.045614,-0.012672,0.029588,0.0054664,-0.021347,0.023782,-0.033522,0.0079472,0.03663,-0.04076,0.019251,-0.00011461,-0.015465,0.01734,-0.021058,0.026038,0.010299,-0.049243,0.032589,-0.021181,0.047463,-0.072205,0.13481,-0.21366,0.15854,-0.0073622,-0.039193,-0.011565,0.015543,0.029469,-0.045154,0.0096198,0.03985,-0.041708,-0.0045313,0.029971,-0.015247
0.023011,-0.035315,0.0031441,0.028802,-0.017793,-0.0072402,0.011188,-0.010898,0.020494,-0.015575,-0.014531,0.038235,-0.037105,0.032829,-0.033059,0.016852,0.017026,-0.041004,0.031504,0.0011056,-0.023788,0.037504,-0.056219,0.041984,0.014004,-0.036475,0.0057546,0.01722,-0.024405,0.034877,-0.023197,-0.014763,0.040683,-0.026399,-0.017442,0.037449,-0.019455,0.021136,-0.032287,-0.010685,0.062175,-0.058272,0.03056,0.0016444,-0.014524,-0.056171,0.1377,-0.089749,-0.017629,0.033395,0.011573,-0.019856,-0.0045299,0.0096848,0.020539,-0.046172,0.023181,0.02345,-0.0396,0.01543
-0.025885,0.064788,-0.051394,-0.0029678,0.018175,0.0227,-0.054867,0.038793,0.0041886,-0.043663,0.061759,-0.051024,0.023699,0.0025401,-0.020092,0.027392,-0.036761,0.052062,-0.040041,-0.0039166,0.027136,-0.023882,0.038328,-0.052327,0.025325,0.0093718,-0.0094781,-0.0071898,0.016568,-0.024664,0.030502,-0.013554,-0.017863,0.019161,0.0095699,-0.018569,0.0086413,-0.011149,-0.0014986,0.052836,-0.092508,0.070372,0.0013718,-0.062965,0.065155,-0.043734,0.062877,-0.091687,0.068978,-0.014927,-0.025048,0.034315,-0.015374,0.0064361,-0.028914,0.033801,-0.00028422,-0.022432,0.019057,-0.0072396
-0.0062576,-0.022974,0.038171,0.0073584,-0.035751,-0.018961,0.080103,-0.063583,-0.0065422,0.066869,-0.078045,0.043581,-0.0075867,-0.0098568,0.02418,-0.029655,0.024357,-0.028831,0.028622,-0.007209,-0.00071774,-0.011005,-0.0059073,0.050144,-0.063008,0.032433,-0.0082334,0.012817,-0.015748,0.010268,-0.019827,0.024881,-0.001249,-0.01784,0.01683,-0.020534,0.019418,-0.0045894,0.0096237,-0.039635,0.056809,-0.029597,-0.033863,0.059905,-0.014685,0.008113,-0.0949,0.1394,-0.072971,0.00099026,0.02539,-0.038922,0.032571,-0.018872,0.037883,-0.050281,0.014159,0.01555,-0.006132,0.0033429
0.031537,-0.024623,-0.013651,0.00057709,0.036902,-0.01906,-0.031489,0.037862,0.013957,-0.064773,0.061414,-0.029204,0.013722,-0.00053034,-0.017969,0.015183,-0.011299,0.02766,-0.02803,0.014635,-0.025162,0.030773,0.00051749,-0.029364,0.021848,0.0027545,-0.0085964,-0.0075004,0.0048308,0.017164,-0.0032859,-0.030111,0.022397,0.00026474,-0.0066583,0.02746,-0.041023,0.0047611,0.033425,-0.027491,0.012096,-0.023174,0.048295,-0.037486,-0.033535,0.084418,-0.037344,-0.036718,0.045617,-0.018116,-0.00085901,0.014215,-0.012233,0.0053388,-0.031939,0.058849,-0.03213,0.0006648,-0.011162,0.005377
-0.014739,-0.015625,0.065704,-0.051286,-0.016835,0.047661,-0.010163,-0.016889,-0.021676,0.056758,-0.03228,0.010725,-0.026242,0.022709,0.003221,-0.0079113,0.0075912,-0.01686,0.014195,-0.021953,0.051894,-0.043691,-0.009344,0.026769,0.013412,-0.047248,0.030125,0.010511,-0.013297,-0.019481,0.015624,0.029227,-0.045963,0.030122,-0.011759,-0.021507,0.044618,-0.011952,-0.029554,0.023592,-0.0055666,0.012012,-0.023624,0.01117,0.035162,-0.073391,0.045299,0.018578,-0.046387,0.038507,-0.022636,0.0097327,-0.020414,0.033412,0.00034689,-0.042155,0.033538,-0.016255,0.022261,-0.0077958
0.016075,0.049256,-0.10297,0.073471,0.0020419,-0.03664,0.0098918,0.005011,0.01944,-0.010965,-0.032178,0.026937,0.012873,-0.017215,-0.0020692,0.01245,-0.0092329,-0.01429,0.027484,0.0072195,-0.048632,0.039899,0.0097669,-0.047896,0.024393,0.031912,-0.026898,-0.025994,0.021619,0.025608,-0.026154,-0.0089353,0.028806,-0.027691,0.0033172,0.026093,-0.021713,0.0024513,-0.0069347,0.016448,-0.0088089,-0.0066807,0.023404,-0.02437,0.00029466,0.0077397,0.015445,-0.021228,0.0067155,-0.010424,0.012238,0.00146,0.0076328,-0.017315,-0.017255,0.044355,-0.027284,0.017356,-0.014798,-0.014537
-0.028905,-0.044002,0.097286,-0.07621,0.019513,0.016555,-0.028315,0.037771,-0.034119,-0.0072946,0.054835,-0.053039,0.018431,-0.0040115,0.010206,-0.013512,0.007625,0.011544,-0.029751,0.019469,0.010401,-0.022876,-0.0048577,0.047865,-0.038437,-0.017136,0.017591,0.03433,-0.032174,-0.0089706,0.012808,-0.0071008,0.01527,-0.013993,0.024238,-0.033714,-0.0031518,0.031302,-0.0021244,-0.019155,0.0022039,0.0209,-0.046979,0.057987,-0.044544,0.054294,-0.069794,0.030046,0.012421,0.00072021,-0.014914,0.0049892,-0.00345,-0.010847,0.047421,-0.055044,0.032932,-0.019246,-0.0033286,0.04004
0.042664,0.016942,-0.06522,0.049904,-0.016209,0.0042938,0.015929,-0.039987,0.017802,0.031949,-0.047287,0.021424,0.012307,-0.02544,0.014615,-0.0074104,0.013817,-0.014516,0.014994,-0.021977,0.009504,0.012766,0.0010175,-0.033982,0.028513,0.003851,-0.0045861,-0.02642,0.043238,-0.038729,0.028515,-0.0060022,-0.020271,0.031791,-0.040266,0.034309,0.0077665,-0.02563,-0.023229,0.058825,-0.032638,-0.00044996,0.014352,-0.023852,0.033683,-0.055213,0.062448,-0.015159,-0.026645,-0.0028451,0.045436,-0.047041,0.034113,-0.010176,-0.031034,0.050097,-0.035005,0.01485,0.011408,-0.045903
-0.064262,0.0053834,0.057218,-0.025515,-0.0023295,-0.020284,0.0010153,0.035794,0.01162,-0.081262,0.061314,0.0080929,-0.043224,0.03838,-0.016516,0.00795,-0.026185,0.023571,0.013063,-0.019753,-0.00010123,-0.0069243,0.0041718,0.033757,-0.039868,0.0097884,-0.0038647,0.015054,-0.024832,0.042384,-0.038872,0.012367,-0.010967,0.014318,0.013177,-0.016512,-0.018206,0.00063901,0.080298,-0.11805,0.079129,-0.043118,0.045116,-0.039872,0.012975,0.0056048,-0.0005449,-0.032127,0.062198,-0.023419,-0.061081,0.090215,-0.063171,0.036935,0.00055719,-0.035968,0.025654,-0.014748,0.020664,0.023176
0.034829,0.02273,-0.078257,0.033872,-0.0011949,0.023649,0.0020298,-0.052995,0.018969,0.060708,-0.074111,0.026502,0.0025314,0.012605,-0.034405,0.021605,0.014819,-0.0091141,-0.046445,0.061302,-0.020092,0.0081683,-0.01241,-0.025228,0.045741,-0.017134,0.0018717,0.00095624,-0.0095974,-0.0055346,0.011739,0.010253,0.005015,-0.034013,0.011041,0.0043947,0.01218,0.017673,-0.073425,0.07728,-0.055542,0.055604,-0.064854,0.063645,-0.046897,0.02136,-0.006328,0.015584,-0.033277,0.011032,0.053855,-0.084945,0.058169,-0.026263,-0.0028399,0.027959,-0.02255,0.026004,-0.046289,0.0080668
3.9406e-05,-0.046224,0.079945,-0.06292,0.018029,-0.0029987,0.0032126,0.038548,-0.068271,0.010152,0.053131,-0.042057,0.030977,-0.056267,0.052526,-0.014142,-0.015933,0.019322,0.011402,-0.036542,0.01479,0.0036922,0.0091013,-0.00050859,-0.021976,0.014934,-0.00067416,-0.0075664,0.018404,-0.0077024,-0.015482,0.01818,-0.017217,0.017434,-0.0046446,0.0067667,-0.015638,-0.014241,0.040759,-0.014668,-0.0029021,-0.031261,0.066711,-0.072339,0.06229,-0.0403,0.014963,-0.0054902,0.0061377,0.0029765,-0.021959,0.032495,-0.01789,-0.015613,0.03505,-0.022542,0.004333,-0.0012422,-0.0045704,0.015479
-0.0077967,0.05242,-0.056623,0.073384,-0.058087,0.019796,-0.018104,-0.02077,0.086737,-0.038264,-0.051874,0.04367,-0.023277,0.035102,0.0044622,-0.047169,0.036821,-0.043993,0.056133,-0.01555,-0.012017,-0.009114,0.015688,-0.0026792,0.0033712,-0.0051138,0.0043636,-0.0084124,0.0013914,0.0037968,0.022746,-0.055751,0.057432,-0.038789,0.022272,-0.02084,0.03647,-0.032012,-0.0040045,0.0091147,0.014943,0.012213,-0.059419,0.042212,-0.004938,0.0028105,-4.1606e-05,-0.010784,0.0099795,-0.0083814,-0.00010558,0.014772,-0.022148,0.044819,-0.062708,0.033509,-0.010559,0.0099219,0.030342,-0.051368
0.014752,-0.061023,0.044748,-0.066744,0.080873,-0.040166,0.017035,0.018549,-0.071904,0.023455,0.067092,-0.056696,0.012802,0.0029523,-0.043606,0.067331,-0.039146,0.038189,-0.056536,0.023777,0.012443,0.0018522,-0.018095,0.0049355,0.0096536,-0.010225,-0.0072,0.038382,-0.045662,0.022157,-0.020128,0.040282,-0.035699,0.023027,-0.02066,0.004684,-0.004798,0.028945,-0.010895,-0.011944,-0.028528,0.044928,-0.0024981,0.0044142,-0.040549,0.038769,-0.026691,0.019366,-0.011121,0.019405,-0.0022371,-0.04607,0.054099,-0.044221,0.049962,-0.027737,0.016145,-0.032624,-0.01039,0.04879
-0.003922,0.040827,-0.012439,0.030909,-0.058447,0.03261,-0.0093901,-0.019214,0.04478,0.015401,-0.083093,0.045836,0.011154,-0.022706,0.033613,-0.028807,0.002719,-0.0092048,0.028848,-0.01589,-0.0085567,0.022201,-0.025118,0.019547,-0.021056,0.022964,0.003521,-0.038738,0.035704,-0.0063814,-0.0033007,-0.00035746,-0.010972,0.022915,-0.032073,0.050517,-0.036855,-0.0032392,-0.015416,0.049309,0.007894,-0.075542,0.055423,-0.019478,0.014455,-0.0038386,-0.0077013,0.0070081,0.0087052,-0.033589,0.015049,0.037525,-0.048155,0.036358,-0.031712,0.0048299,-0.0013762,0.024135,0.018991,-0.05718
0.010363,-0.03493,0.0018649,-0.019911,0.032806,0.014888,-0.041564,0.046762,-0.050361,-0.0077308,0.062438,-0.015859,-0.044085,0.049309,-0.047068,0.02402,0.023983,-0.027613,-0.0076555,0.027147,-0.020158,-0.01351,0.040356,-0.022718,0.006357,-0.013398,-0.0076543,0.035537,-0.017294,-0.0072309,0.0072095,-0.012184,0.015603,-0.011822,0.040066,-0.074135,0.043411,0.0028551,0.029662,-0.078302,0.032994,0.046701,-0.047409,-0.0056098,0.033491,-0.029074,0.021395,-0.018188,0.0055352,0.011955,-0.0057505,-0.014561,0.021564,-0.026066,0.019969,0.0051947,-0.0024308,-0.0047179,-0.044574,0.060128
-0.028599,0.040602,-0.025148,0.035734,-0.0097824,-0.054098,0.057254,-0.029776,0.033277,-0.0063685,-0.035661,0.0024558,0.048336,-0.042888,0.033277,-0.028096,-0.00992,0.034819,-0.0096176,-0.028134,0.041588,-0.02185,0.0023526,-0.018595,0.029012,-0.0087357,0.0092424,-0.023997,0.013556,-0.011508,0.016925,0.0092694,-0.017459,-0.011846,-0.0015907,0.041464,-0.020526,-0.014505,-0.017255,0.056453,-0.018721,-0.050236,0.047164,0.02306,-0.056659,0.031536,-0.0275,0.052622,-0.04685,0.020576,-0.0090885,0.0034812,-0.016578,0.05188,-0.049101,0.01013,-0.0078775,0.016115,0.016534,-0.020151
0.033958,-0.053561,0.083183,-0.097072,0.03388,0.051392,-0.055077,0.011056,0.0020047,0.0038458,-0.0093204,0.023229,-0.023403,0.00072585,0.0098168,0.0040765,-0.012507,-0.0091921,0.033334,-0.0046816,-0.048594,0.043325,-0.0088249,0.02132,-0.038108,0.015103,-0.0042116,0.014344,-0.014186,0.02546,-0.038231,0.016196,-0.0032451,0.022029,-0.016614,-0.00051688,-0.021971,0.039997,-0.0098149,-0.017838,-0.0023415,0.040757,-0.038282,-0.011739,0.038866,-0.014398,0.0097412,-0.046589,0.057454,-0.03142,0.011964,-0.010628,0.036992,-0.080399,0.077118,-0.026147,0.0028878,-0.011206,0.0089412,-0.012879
-0.018627,0.048042,-0.048329,0.05603,-0.066337,0.036568,0.0013059,0.0038221,-0.022241,0.0066249,0.025038,-0.033285,0.020146,-0.0054361,-0.0060492,0.0049428,0.0071261,0.0095937,-0.050886,0.039376,0.024864,-0.049439,0.032008,-0.035584,0.03588,-0.0047224,-0.010035,0.0057881,-0.022701,0.038787,-0.030065,0.012711,0.01584,-0.037389,0.011507,0.021044,-0.0042553,-0.019868,0.0086535,0.011838,-0.017612,-0.0010612,0.033422,-0.03269,0.0073182,-0.012936,0.018984,0.016494,-0.030877,-0.0037899,0.020366,0.001634,-0.03989,0.089529,-0.10545,0.061876,-0.031282,0.039861,-0.024299,-0.0018815
