0.0084118,-0.0019064,-0.0038261,0.018274,0.0060472,-0.064121,0.062488,-0.013769,-0.0059022,-0.00080563,-0.010182,0.016976,-0.00091228,-0.0068426,0.011214,0.001575,-0.019009,0.021612,0.0025653,-0.034961,0.042697,-0.016093,-0.0063706,0.014879,-0.020962,0.018008,-0.024208,0.042487,-0.044403,0.014683,0.0050102,-0.00095332,0.020185,-0.017672,0.014007,-0.024358,0.0015113,0.012363,0.00010336,-0.014295,0.026462,-0.013575,-0.018182,0.030274,-0.028404,0.0142,0.00083161,0.004004,0.0056908,-0.0094269,0.0047837,-0.011362,0.034283,-0.088775,0.11416,-0.066094,0.032705,-0.035259,0.022399,0.0091972
-0.013624,-0.0021558,-0.019965,0.0033032,0.011798,0.016403,-0.020728,-0.022519,0.041642,-0.040507,0.03521,-0.031174,0.0063956,0.021944,-0.011865,-0.0222,0.035857,-0.024905,-0.021849,0.061376,-0.057035,0.034124,-0.008396,-0.0080125,0.022766,-0.045132,0.054721,-0.05537,0.055925,-0.040398,0.018443,0.0085406,-0.038822,0.023332,0.0098997,-0.015008,0.029377,-0.034485,0.0071227,0.0094866,-0.017444,0.010023,0.011698,-0.016529,0.0064626,0.0092434,-0.023148,0.022632,-0.00052111,-0.020625,0.0070754,0.0097319,-0.0046669,0.055906,-0.082036,-0.0030591,0.048132,-0.010575,0.019585,-0.019682
0.033646,0.01658,0.011934,-0.017482,0.003195,-0.0078113,0.0049445,0.023593,-0.03996,0.041824,-0.029769,0.019414,-0.023576,0.015535,-0.0054122,0.014051,-0.027667,0.019387,0.032137,-0.066173,0.037939,-0.0072146,-0.011728,0.028436,-0.040228,0.052973,-0.053405,0.03388,-0.0033308,-0.034655,0.060625,-0.085041,0.099376,-0.069476,0.014114,0.022697,-0.050751,0.051343,-0.026029,0.022749,-0.030958,0.013795,-0.0063756,0.01478,-0.014618,-0.014933,0.033226,-0.027699,0.010539,0.0092245,-0.015375,-0.00070571,-0.02456,0.0046575,0.035775,0.0046167,-0.050668,0.014206,-0.026655,0.0011245
-0.047353,-0.010012,-0.0035674,0.0052501,-0.0079978,-0.013049,0.012521,-0.0070235,0.020394,-0.045663,0.023351,0.00067616,-0.011115,-0.0057078,0.0019515,0.012064,-0.0018002,0.0082808,-0.059157,0.059866,-0.013701,-0.018745,0.02784,-0.03668,0.055613,-0.070856,0.052701,-0.028066,0.015064,0.006898,-0.052741,0.08156,-0.08207,0.073292,-0.034347,-0.025711,0.058805,-0.053504,0.022039,-0.027496,0.057287,-0.044147,0.0047289,-0.0056296,0.027311,-0.016217,-0.022633,0.024527,0.0037159,0.0071765,-0.01738,0.012914,0.0040533,-0.0017861,0.00025286,-0.0080823,0.019846,-0.0053304,0.034092,0.0055101
0.041886,0.0069004,-0.017809,0.02892,-0.011039,0.019048,-0.016788,-0.014771,0.0025804,0.030014,-0.00067997,-0.028088,0.030728,-0.016194,0.019775,-0.036367,0.024431,-0.045394,0.089818,-0.062998,0.0086593,0.010049,-0.020078,0.025573,-0.045367,0.062812,-0.046803,0.010181,0.0056738,0.0055145,0.01063,-0.033813,0.027089,-0.028775,0.0062663,0.050139,-0.072425,0.052821,-0.011389,-0.004807,-0.016891,0.017416,-0.0074683,0.028441,-0.054534,0.037558,-0.0013675,-0.012079,-0.0073645,0.0018125,0.017581,-0.01992,0.0014571,-0.0090861,0.01679,-0.017002,0.011655,-0.020324,0.0081203,-0.018797
-0.021423,0.0058858,0.034577,-0.062054,0.056146,-0.044097,0.033749,0.0053184,-0.00056447,-0.01317,-0.029256,0.061601,-0.043616,0.0013569,0.013451,-0.0032022,0.008253,0.028846,-0.070647,0.029227,0.020971,-0.012364,-0.012562,0.029872,-0.011587,-0.023551,0.038682,-0.03139,0.024016,-0.0090566,-0.0072472,0.012202,-0.012877,0.033109,-0.014178,-0.029969,0.036051,-0.010863,-0.021912,0.039428,-0.02062,0.017593,-0.009829,-0.034501,0.076563,-0.057914,0.015687,-0.00013605,-0.010529,0.033526,-0.043045,0.036244,-0.016885,-0.015607,0.01669,0.017988,-0.036883,0.039253,-0.067964,0.051528
-0.0055439,-0.011536,-0.018927,0.061307,-0.079932,0.047679,-0.0033113,-0.020069,0.0095053,-0.0062137,0.032114,-0.049309,0.03598,0.0012617,-0.027417,0.034881,-0.027383,-0.00028366,0.027897,-0.016421,-0.0029755,-0.0081425,0.024711,-0.026007,-0.0019828,0.03684,-0.048713,0.020369,-0.014106,-0.0016132,0.027166,-0.017102,0.0060062,-0.023567,0.016838,0.00517,-0.0077429,-0.0094883,0.037505,-0.048643,0.038004,-0.029957,0.021303,0.013497,-0.051914,0.062784,-0.043209,0.023465,0.01062,-0.033343,0.041645,-0.022789,0.0094935,0.02695,-0.043682,0.016643,0.019311,-0.022238,0.073416,-0.047203
0.031249,0.0043467,0.0063515,-0.017586,0.040739,-0.012258,-0.040599,0.04682,0.0014599,-0.015401,0.018029,0.0018962,-0.033266,0.041831,-0.018691,-0.0088639,0.0091283,0.0059329,-0.0017872,0.0060655,-0.0045208,0.0078991,-0.014766,-0.00025913,0.037227,-0.048932,0.025361,0.030818,-0.040946,0.024735,-0.019087,0.010983,-0.019111,0.035697,-0.03262,0.014196,0.0075032,-0.0061404,-0.025504,0.022371,-0.01463,0.01679,-0.014143,0.0019007,0.015953,-0.031433,0.039946,-0.038511,-0.0018933,0.014637,-0.0049966,-0.015377,0.018591,-0.042149,0.055532,-0.040103,-0.0026616,0.0072252,-0.061136,0.026758
-0.0030702,-0.0065727,0.0020713,-0.0056793,0.0087561,-0.027987,0.039039,-0.021445,-0.023898,0.031324,-0.029817,0.008305,0.044963,-0.077123,0.056077,-0.017246,2.946e-06,0.005642,-0.0090611,-0.0075101,0.0087325,0.0031329,0.017825,-0.026359,-0.0034301,0.01768,0.012555,-0.068646,0.07129,-0.034872,0.0044817,0.0086499,0.012681,-0.036168,0.041975,-0.031255,-0.0049623,0.0045101,0.02972,-0.010321,-0.020629,0.0088584,0.012422,-0.019501,-0.0013108,0.017448,-0.026586,0.039549,-0.012138,0.0022213,-0.016641,0.033602,-0.048161,0.056762,-0.050691,0.040571,0.011069,-0.0365,0.071076,-0.050574
-0.054411,0.047669,-0.047218,0.039467,-0.046632,0.062807,-0.05237,0.019567,0.0097572,-0.020954,0.012903,0.01448,-0.057567,0.078457,-0.049389,0.012556,0.0079562,-0.02781,0.016337,0.035551,-0.054256,0.037392,-0.046406,0.061777,-0.024244,-0.0091143,-0.011192,0.05887,-0.070101,0.044769,-0.0044659,-0.014614,0.004972,0.010263,-0.013643,0.0023672,0.029822,-0.021964,-0.0054532,-0.016211,0.04547,-0.036832,-0.0020402,0.010634,0.028449,-0.045406,0.02652,-0.021919,0.0011515,-0.0063287,0.03583,-0.036171,0.054199,-0.069534,0.031179,-0.0012564,-0.029933,0.042691,-0.0453,0.042002
0.072756,-0.059672,0.059378,-0.047131,0.054648,-0.059656,0.053168,-0.040704,0.039572,-0.027483,0.020976,-0.028868,0.041757,-0.044967,0.016512,0.01059,-0.013107,0.0273,-0.01825,-0.033123,0.057946,-0.043652,0.042535,-0.058451,0.049121,-0.022091,0.03129,-0.04851,0.047415,-0.033299,0.00016473,0.024427,-0.016103,0.012529,-0.0094886,0.020821,-0.036358,0.015866,-0.004262,0.038304,-0.057917,0.062929,-0.036903,0.037238,-0.072551,0.068948,-0.021363,-0.001153,0.010542,0.010489,-0.046768,0.043322,-0.048463,0.062388,-0.035934,-0.0060184,0.036035,-0.028942,0.008299,-0.022161
-0.063494,0.037798,-0.013371,-0.0087031,-0.0031984,0.0010153,-0.00522,0.027327,-0.063887,0.079633,-0.071478,0.04262,-0.021891,0.0101,0.0091152,-0.029475,0.021665,-0.032626,0.045385,-0.02412,-0.0064808,0.021887,-0.04307,0.059067,-0.060028,0.057172,-0.057119,0.038572,-0.012483,-0.0096468,0.033325,-0.045425,0.037572,-0.031477,0.020224,-0.020721,0.025219,-0.010524,0.012129,-0.035555,0.029537,-0.022125,0.01827,-0.03729,0.067487,-0.059025,0.010881,0.025228,-0.025641,-0.00078062,0.019509,-0.019172,0.039981,-0.041578,0.028185,-0.00633,-0.020635,0.013646,0.032397,-0.014035
0.023796,-0.049239,0.014307,0.018065,-0.012039,-9.4743e-05,0.01185,-0.024587,0.046064,-0.084585,0.089337,-0.043075,0.021858,-0.020423,-0.0019153,0.033939,-0.037038,0.039532,-0.05729,0.055292,-0.027665,-0.0014234,0.02507,-0.044159,0.038598,-0.042485,0.050447,-0.035302,0.016157,0.0012607,-0.0082356,-0.018768,0.028708,-0.0086199,0.0055717,0.0083213,-0.023344,0.018579,-0.02219,0.017658,0.005669,-0.029663,0.022659,0.011178,-0.014218,-0.0026098,0.033188,-0.05808,0.030248,0.012459,-0.014475,0.013858,-0.038239,0.027926,-0.00065747,-0.0062572,0.0096843,-0.0082079,-0.023451,0.048277
0.01169,0.065225,-0.064116,0.039734,-0.010913,0.024745,-0.060059,0.062587,-0.033737,0.064539,-0.077127,0.025862,-0.015523,0.036892,-0.013462,-0.024398,0.038011,-0.0256,0.037244,-0.059139,0.058735,-0.045087,0.031939,0.0030829,-0.027071,0.041139,-0.042684,0.031005,-0.020664,0.0075626,-0.019722,0.085099,-0.10769,0.073326,-0.043595,0.0022174,0.025854,-0.016136,0.0052628,0.0079928,-0.0073333,0.0079505,-0.016817,0.0034866,-0.025684,0.052527,-0.06979,0.072832,-0.0093546,-0.050703,0.04159,-0.040695,0.056138,-0.047109,0.013882,0.0029598,0.0067836,-0.018264,-0.0037153,-0.016099
-0.017789,-0.039073,0.05403,-0.051885,0.0035459,-0.00094075,0.056722,-0.081012,0.041565,-0.051479,0.061724,-0.023657,0.024064,-0.052082,0.030541,0.0030574,-0.023579,-0.0022962,0.018247,0.010205,-0.028562,0.04271,-0.060275,0.035768,-0.00050635,-0.019511,0.028391,-0.037086,0.041176,-0.020812,0.023376,-0.066926,0.06564,-0.040438,0.028274,0.0086547,-0.018971,-0.0063514,0.019532,-0.027833,0.013685,0.0070655,0.0078829,-0.036326,0.062039,-0.071017,0.068813,-0.055337,-0.00038752,0.044488,-0.035758,0.031996,-0.046214,0.056583,-0.038397,0.015779,-0.014705,0.02714,0.003271,-0.014892
0.017543,0.01306,-0.014618,0.019173,0.015619,-0.030871,-0.015814,0.052271,-0.032654,0.035572,-0.033968,0.025954,-0.049341,0.062413,-0.023189,0.00028949,0.0033862,0.037331,-0.081614,0.071225,-0.050682,0.024052,0.016553,-0.016746,0.0028073,-0.0071814,0.00056057,0.027291,-0.044034,0.029199,-0.024778,0.032788,0.0016223,-0.018201,0.016831,-0.028964,-0.0047017,0.057194,-0.047041,0.020692,-0.019978,0.036209,-0.046873,0.058769,-0.055022,0.037277,-0.028664,0.014867,0.00031608,0.0066211,-0.0092086,0.005429,0.013404,-0.056484,0.052692,-0.035094,0.026146,-0.013475,-0.0083372,0.0014596
-0.037333,0.0051211,-0.0040625,0.0062814,-0.017853,0.025447,-0.0080694,-0.018372,0.011035,-0.017554,0.0048021,0.0054262,0.028572,-0.044001,-0.0031698,0.026116,-0.0057383,-0.042731,0.074806,-0.06979,0.054349,-0.023123,-0.0075465,0.0013245,0.0083126,0.01321,-0.017194,-0.0041506,0.011877,-0.0027208,0.0034684,0.0014831,-0.027166,0.038388,-0.053057,0.062111,0.0068922,-0.088455,0.078708,-0.011501,-0.0043147,-0.047725,0.059585,-0.019123,-0.015413,0.024095,-0.0066053,-0.006957,0.025947,-0.043304,0.034644,-0.019672,0.002197,0.050347,-0.057387,0.062156,-0.071718,0.046834,-0.018563,0.045629
0.029419,-0.0083469,0.011992,-0.022027,0.014932,-0.0062914,0.0098906,-0.0043679,0.0075142,-0.0024798,-0.005971,0.0029704,-0.019687,0.029285,0.0056598,-0.02926,0.0080415,0.022418,-0.024464,0.017262,-0.015194,-0.016403,0.036519,-0.021956,0.0090146,-0.024035,0.023945,-0.013118,0.0093241,-0.0096631,0.0067905,-0.012431,0.0079146,-0.01194,0.050803,-0.063211,0.003693,0.0544,-0.04773,-0.014877,0.047009,0.0058172,-0.035538,-0.01839,0.057397,-0.048698,0.016503,0.0077732,-0.034489,0.033246,-0.014594,0.011491,-0.0086704,-0.026208,0.043018,-0.075304,0.10435,-0.07933,0.045515,-0.058558
0.028895,-0.021025,-0.0087314,0.03618,-0.025917,0.016023,-0.027309,0.035192,-0.015585,-0.0080516,0.030682,-0.03956,0.043619,-0.025376,-0.0052119,0.017611,0.0094312,-0.01358,-0.015143,0.021297,-0.003171,0.020121,-0.028878,0.014466,-0.0033201,0.0064621,-0.0088019,0.017441,-0.01561,0.0051482,0.00061105,-0.004631,0.02607,-0.019427,-0.017129,0.023571,0.0090043,-0.010451,-0.016627,0.053246,-0.064232,0.033774,-0.0005569,0.015914,-0.037435,0.040618,-0.026668,0.0096252,-0.0014239,0.011031,-0.017445,0.013077,-0.004548,0.0096106,-0.024918,0.056532,-0.065808,0.033005,-0.012774,0.009699
-0.059281,0.049156,0.0039864,-0.046259,0.04077,-0.04135,0.041355,-0.044588,0.02005,0.024876,-0.046186,0.036479,-0.040463,0.021078,-0.005071,0.0078391,-0.020121,0.0099158,0.030599,-0.059157,0.047186,-0.022633,-0.003225,0.020751,-0.021054,0.021309,-0.0088788,-0.01584,0.013704,0.0031302,-0.016185,0.027347,-0.039938,0.028298,-0.028747,0.038972,-0.036054,0.009045,0.033546,-0.060843,0.047624,-0.029899,0.011192,0.026053,-0.032721,0.01097,-0.006449,0.01009,0.0066371,-0.022681,0.015166,-0.0109,0.006509,0.0031277,0.0060855,-0.01156,-0.012084,0.033394,-0.024187,0.024489
0.039843,-0.045491,0.0056688,0.037969,-0.030273,0.036281,-0.033708,0.018416,-0.0083725,-0.024463,0.040164,-0.021485,0.027369,-0.024,0.028673,-0.049607,0.03093,-0.023462,0.046307,-0.02315,-0.037404,0.036579,4.5357e-05,-0.0079549,0.0010566,-0.002256,-0.0064319,0.0039091,0.0064731,-0.010306,0.038837,-0.05305,0.038822,-0.03783,0.081692,-0.098603,0.041938,0.0063901,-0.031295,0.033598,0.0036734,-0.022665,0.032021,-0.082954,0.074023,-0.0080157,-0.0098695,0.011266,-0.03221,0.02825,-0.0058241,-0.0068357,0.018485,-0.031852,0.023524,-0.053353,0.11009,-0.095476,0.044209,-0.037231
-0.02994,0.02657,-0.014919,-0.014456,0.010136,-0.012922,0.011895,0.0070333,-0.014221,0.02116,-0.024272,0.011354,-0.019583,0.018393,-0.028599,0.055187,-0.032033,0.040909,-0.14242,0.18617,-0.091553,0.01123,-0.0059515,-0.020316,0.053135,-0.067133,0.080294,-0.029906,-0.021102,0.0079032,-0.03501,0.048433,-0.015031,0.031311,-0.080257,0.076488,-0.012589,-0.033954,0.028575,0.018727,-0.081239,0.080168,-0.04913,0.052635,-0.016676,-0.055348,0.073333,-0.057499,0.051956,-0.031707,0.0020503,0.021303,-0.04008,0.051426,-0.044966,0.10388,-0.18575,0.15033,-0.068163,0.050512
0.017552,-0.0017512,0.0011182,0.0031721,0.0074299,-0.0074446,0.0076588,-0.010299,0.011926,-0.013823,0.010534,-0.0070409,0.010136,-0.0061853,0.018359,-0.03748,0.027222,-0.057417,0.15057,-0.20978,0.17152,-0.11226,0.098902,-0.069048,-0.0011764,0.087094,-0.14037,0.082987,0.0094039,-0.050298,0.085425,-0.055172,-0.0012946,-0.013713,0.031841,-0.0097755,0.004676,-0.013528,0.024905,-0.071915,0.11131,-0.071284,0.0033111,0.042939,-0.06334,0.05181,-0.03965,0.032318,-0.020879,0.019307,-0.0015707,-0.032813,0.053475,-0.051724,0.024787,-0.072175,0.15333,-0.128,0.070957,-0.04234
-0.0051992,-0.0053407,0.0050843,-0.00081704,-0.0096787,0.011012,-0.0088667,0.0033947,2.3408e-05,0.010744,-0.01817,0.023536,-0.013026,-0.0038334,-0.002187,0.021236,-0.032495,0.085405,-0.12721,0.1057,-0.07209,0.09413,-0.14241,0.15732,-0.10809,-0.020666,0.10445,-0.066347,0.03279,0.0094476,-0.0793,0.049184,-0.0017218,0.026049,0.0037596,-0.036515,0.0012686,0.021663,-0.0044481,0.0328,-0.049968,-0.0017506,0.050137,-0.079638,0.077677,-0.03383,0.006602,0.0087609,-0.0077142,-0.012572,-0.0044379,0.03318,-0.041224,0.040108,-0.0016267,0.012615,-0.06504,0.055009,-0.042223,0.025199
0.0021388,0.0045824,-0.0017307,0.00010603,0.0043556,-0.0049286,0.0054683,0.005278,-0.0052369,-0.007902,0.01829,-0.023356,0.010824,0.0060355,-0.014217,0.0052298,0.023359,-0.074756,0.091498,-0.029077,-0.052601,0.048282,0.019356,-0.064768,0.068034,0.010017,-0.050335,-0.017382,0.0098136,0.046423,-0.029289,0.0013046,0.027811,-0.052402,-0.020074,0.075202,-0.016249,-0.01156,-0.030717,0.013018,-0.002366,0.090762,-0.13545,0.055724,0.052778,-0.075367,0.049177,-0.048644,0.015427,0.038077,-0.013468,-0.004491,0.0065824,-0.030793,0.017026,-0.002057,0.01426,-0.017959,0.025385,-0.02103
-0.011493,-0.01446,0.011846,-0.0047369,-0.0097281,0.0091293,-0.0087229,-0.013291,0.020912,-0.0059575,-0.012528,0.011692,-2.2099e-05,-0.013666,0.024207,-0.023862,-0.0031988,0.022845,-0.015867,-0.016603,0.062631,-0.07628,0.03864,-0.014804,0.012215,-0.04918,0.044217,0.052599,-0.1071,0.058728,0.0079721,-0.0033334,-0.063496,0.065343,0.023681,-0.060606,-0.011031,0.079608,-0.044458,0.020957,-0.023584,-0.092995,0.14648,0.088773,-0.34165,0.31732,-0.1992,0.1016,0.030737,-0.088365,0.039796,-0.017835,0.0093798,0.018183,-0.010473,-0.013455,0.027847,0.0016337,-0.023722,0.037194
0.019832,0.015692,-0.01326,0.0059015,0.01513,-0.017058,0.011491,0.0078513,-0.01902,0.01333,0.0077072,-0.0048958,-0.0034286,0.020824,-0.033822,0.029358,-0.0084579,0.011255,-0.030162,0.04181,-0.042657,0.0364,-0.013523,0.012049,-0.027645,0.043798,-0.036493,-0.025998,0.089849,-0.097449,0.046155,0.0025292,0.0081172,-0.0054569,-0.035708,0.01732,0.03514,-0.074036,0.044425,0.01767,0.016522,0.0045362,0.022426,-0.41487,0.71423,-0.53516,0.3126,-0.16767,-0.042276,0.10174,-0.033576,0.0099261,0.0042675,-0.0089798,-0.016618,0.044581,-0.057647,0.01278,0.0068421,-0.030765
-0.019755,-0.011386,0.012491,-0.0060918,-0.0091379,0.015243,-0.010204,0.00077207,0.0068542,-0.010312,-0.0028487,0.002382,-0.0045136,-0.008197,0.023232,-0.018281,0.012941,-0.014616,0.021576,-0.026593,0.033751,-0.033238,0.017652,-0.012266,0.016827,-0.0050948,0.01755,-0.022487,-0.0011621,0.019504,-0.051548,0.033655,0.01733,-0.032838,0.023942,0.031824,-0.072188,0.052079,0.0076969,-0.085924,0.036259,0.054036,-0.19309,0.67428,-0.9535,0.57436,-0.17756,0.047315,0.071445,-0.13088,0.10438,-0.042925,-0.020836,0.031889,-0.0065669,-0.030267,0.04495,-0.0059714,0.0014608,0.022702
0.027316,0.0056461,-0.01535,0.018463,-0.0024152,-0.0076158,0.0069152,-0.0043709,-0.0023052,0.0044031,0.0044973,-0.010836,0.017322,-0.0074032,-0.0094076,0.0075011,-0.0088038,-0.0040368,0.01703,-0.013667,-0.0010152,0.0051692,0.013546,-0.018341,0.025429,-0.040824,-0.0044571,0.066375,-0.067521,0.012968,0.10265,-0.12942,0.055751,-0.017887,0.020965,-0.068162,0.11982,-0.10798,0.039677,0.051018,-0.039936,-0.01955,0.13649,-0.52025,0.74437,-0.32899,-0.24594,0.40364,-0.25892,0.18637,-0.21692,0.11857,0.014539,-0.057864,0.049207,0.0019257,-0.027405,0.0084311,-0.019824,-0.015407
-0.030215,0.0083274,0.010303,-0.025543,0.012362,0.0028526,-0.011249,0.016366,-0.0021271,-0.0010306,-0.0043898,0.012564,-0.025908,0.017623,-0.00089394,-0.012075,0.01252,0.0204,-0.047977,0.044599,-0.01925,0.0089307,-0.033148,0.026997,-0.031787,0.056687,-0.0091273,-0.068706,0.12336,-0.093118,-0.03344,0.04799,0.0092252,-0.0065317,-0.016258,0.059779,-0.10984,0.11539,-0.069017,-0.0060671,0.013705,-0.028017,0.03944,0.1157,-0.25989,0.045567,0.48761,-0.71573,0.39045,-0.13589,0.16229,-0.087238,-0.0263,0.063989,-0.066239,0.0083464,0.02242,-0.020268,0.036993,-0.0071175
0.022565,-0.018125,-0.0010015,0.019248,-0.0050274,-0.0072184,0.010346,-0.013997,-0.0049057,0.0081369,0.00079841,-0.011026,0.025551,-0.02249,0.0045469,0.015871,-0.022556,-0.012311,0.037412,-0.042812,0.013277,0.01833,-0.010609,0.012936,-0.0020334,-0.034032,0.016523,0.030825,-0.11899,0.16539,-0.1114,0.12434,-0.13847,0.068319,0.0023248,-0.056385,0.080515,-0.07685,0.043091,0.0091609,0.0065134,0.020532,-0.12865,0.14529,-0.0085878,-0.031431,-0.29147,0.51545,-0.25044,0.020812,-0.022256,-0.028455,0.066582,-0.061835,0.052667,-0.0032967,-0.018024,0.030234,-0.031588,0.0022611
-0.02133,0.013126,-0.0020824,-0.011752,0.00027122,0.0084762,-0.0067331,0.0058317,0.010295,-0.011677,0.0030982,0.0069128,-0.01422,0.0098738,0.0038711,-0.018358,0.025151,-0.013098,0.0096663,0.0014723,0.0055579,-0.021067,0.028865,-0.033912,0.01033,0.016966,-0.010963,-0.0040521,0.063997,-0.10848,0.10402,-0.12714,0.10866,-0.038437,-0.023889,0.048533,-0.016937,-0.0022401,0.020974,-0.05247,0.0070676,-0.0089555,0.16954,-0.28178,0.057945,0.19365,0.012237,-0.18726,-0.0025305,0.081302,-0.042288,0.083454,-0.068205,0.035938,-0.013784,-0.0048481,-0.0030183,-0.020218,0.030339,0.016208
0.019317,0.003167,-0.0066858,0.0047674,0.010153,-0.0088822,0.0028518,0.0025406,-0.0080146,0.0089498,-0.0036366,0.0019633,0.0019897,0.0031078,-0.0051557,0.0079179,-0.026047,0.048403,-0.060955,0.046977,-0.034382,0.02148,-0.018998,0.023048,0.0024005,-0.010674,0.0083693,-0.015965,-0.0030767,0.0076437,-0.026528,0.070785,-0.057017,0.018025,0.030444,-0.05636,0.026665,-0.020042,-0.022624,0.077811,-0.03194,0.009748,-0.15569,0.32317,-0.10217,-0.24858,0.0028855,0.321,-0.15966,0.021934,-0.016362,-0.047687,0.042197,-0.0083181,-0.02341,0.020673,0.028956,-0.026011,-0.0055244,-0.025589
-0.0007811,-0.022355,0.0086667,0.011259,-0.026982,0.013254,0.0058514,-0.019458,0.011607,-0.0013116,-0.011692,0.0061447,0.003408,-0.0088708,0.0024141,0.0076378,0.02253,-0.089416,0.11412,-0.094939,0.05761,-0.017254,0.0076178,0.0089819,-0.052153,0.041068,-0.025887,0.037737,-0.038435,0.057282,-0.0045264,-0.097897,0.10081,-0.029423,-0.060309,0.11166,-0.13387,0.16754,-0.061804,-0.07779,0.047414,-0.0019987,0.070879,-0.20568,0.11895,0.13174,0.13427,-0.65322,0.60374,-0.25253,0.056932,0.033282,-0.0271,-0.02366,0.056968,-0.043749,-0.027573,0.068332,-0.025552,0.010021
-0.031979,0.025881,-0.0017151,-0.023774,0.025446,-0.0075611,-0.012491,0.026527,-0.013048,-0.0032027,0.018476,-0.016578,-0.0044642,0.0098982,0.00052683,-0.0099325,-0.011313,0.085289,-0.12007,0.10657,-0.065825,0.0091751,-0.0038627,-0.016955,0.10392,-0.11785,0.090329,-0.068595,0.039308,-0.063603,0.034327,0.092179,-0.12086,0.010496,0.10708,-0.10272,0.072628,-0.11968,0.039234,0.10169,-0.066259,0.015713,-0.061531,0.13475,-0.10192,-0.052397,-0.085085,0.51897,-0.57848,0.22167,0.042568,-0.088198,0.032327,0.050999,-0.078027,0.057718,0.0017233,-0.068553,0.042261,0.033474
0.034963,-0.015594,0.0090048,0.012422,-0.011436,0.0082552,0.0044499,-0.02381,0.026666,-0.0080985,-0.008541,0.020417,-0.0032615,-0.0098393,0.011152,-0.0063954,3.6826e-05,-0.022431,0.043224,-0.05258,0.038686,0.0034326,-0.013214,0.017041,-0.093108,0.12913,-0.10456,0.066382,-0.019776,0.050364,-0.08535,0.0079149,0.063306,-0.013397,-0.070934,0.066574,-0.0036016,-0.00098482,0.024395,-0.087573,0.045729,0.00044724,0.057922,-0.12978,0.10404,-0.019441,0.061446,-0.2798,0.33473,-0.11423,-0.084685,0.11222,-0.060601,-0.022379,0.064374,-0.067516,0.039814,0.038717,-0.077371,-0.0016416
-0.021957,0.016842,-0.015296,-9.3519e-05,0.013238,-0.021547,0.0076019,0.025045,-0.039983,0.015664,0.0064376,-0.019766,0.0087827,0.012321,-0.031475,0.031121,-0.0025211,-0.01887,0.020861,0.0060278,-0.021407,-2.2004e-05,0.02498,-0.033508,0.049877,-0.05023,0.031156,-0.016458,0.0096073,-0.045253,0.078481,-0.040546,-0.026687,0.048633,-0.0096783,-0.070065,0.12842,-0.092767,0.0093047,0.072833,-0.076076,0.0052575,0.0017778,0.054765,-0.061021,0.10788,-0.22406,0.28773,-0.25355,0.12289,0.019129,-0.079039,0.076061,-0.016612,-0.062253,0.098224,-0.082479,0.0095487,0.056593,-0.033373
0.025587,-0.027883,0.018893,-0.0061393,-0.011881,0.025349,-0.015388,-0.020047,0.036106,-0.0095662,-0.0085613,0.0098391,-0.0034202,-0.016195,0.036525,-0.034614,0.0073646,0.016526,-0.021089,0.0018627,0.016869,-0.013504,-0.011885,0.033953,-0.03652,0.010574,0.0052538,-0.013342,0.0035427,0.016073,-0.0040729,-0.018554,0.020684,-0.032433,0.025387,0.047807,-0.13457,0.13155,-0.030666,-0.10259,0.16692,-0.085468,-0.01089,0.013988,0.0023923,-0.11026,0.2882,-0.29821,0.19325,-0.11536,0.040631,0.033836,-0.075343,0.043477,0.062549,-0.12965,0.11502,-0.050015,0.010405,-0.0021955
-0.0093812,0.0067414,-0.0075902,0.0040233,0.013725,-0.02331,0.010023,0.019455,-0.025408,-0.0019401,0.010943,-0.001122,-0.0020587,0.019483,-0.03915,0.033879,-0.01498,-0.0085211,0.011711,-0.0011713,-0.0076536,0.015368,0.0010216,-0.020321,0.030445,-0.021221,0.003696,0.0099012,-0.014049,0.012267,-0.027408,0.023964,0.010232,-0.0086956,-0.0030546,-0.024164,0.025192,-0.021706,0.018401,0.064132,-0.13707,0.087221,0.0050958,-0.044197,-0.013454,0.16988,-0.31098,0.32113,-0.25766,0.1691,-0.087035,-0.0065823,0.095531,-0.088447,-0.034997,0.13415,-0.14161,0.083292,-0.036989,0.01733
-0.0057385,0.030696,-0.042812,0.040435,-0.040701,0.040178,-0.0083886,-0.027785,0.023244,0.021299,-0.034042,0.017139,-0.0082796,-0.010181,0.024538,-0.023916,0.029465,-0.0073276,-0.0060202,-0.0041501,0.012688,-0.025987,0.018594,-0.001974,-0.0067556,0.0212,-0.0094426,-0.0079678,0.00085093,-0.010177,0.0089888,0.012333,-0.028141,0.010842,0.0079866,0.01625,-0.0046608,-0.012052,-0.020705,0.00068397,0.051936,-0.039771,0.00087369,0.049296,0.0040202,-0.17643,0.24084,-0.21014,0.2253,-0.1645,0.051831,0.021697,-0.083078,0.073795,0.019165,-0.094288,0.10926,-0.0845,0.034988,-0.0054509
0.0004214,-0.035292,0.069277,-0.076095,0.056086,-0.0379,0.0092073,0.019538,-0.0099239,-0.03511,0.049374,-0.028777,0.0098715,0.015666,-0.020792,0.012491,-0.030696,0.018672,0.0094477,-0.0054289,-0.006263,0.027399,-0.041091,0.029393,-0.0066599,-0.021185,0.018404,0.010323,-0.0092168,0.011588,2.4284e-05,-0.0367,0.029605,-0.001568,-0.010765,0.0014048,0.0013617,-0.0054542,0.018601,-0.013536,-0.0069633,0.015125,-0.00050732,-0.057127,0.064322,-0.0063831,0.022027,-0.051121,-0.019863,0.051999,-0.0091728,-0.014944,0.012768,0.0047575,-0.024355,0.023311,-0.023575,0.036617,-0.024691,-0.00065303
0.0012854,0.010327,-0.024614,0.023433,-0.012886,0.0046862,-0.006934,0.0095918,-0.023008,0.04371,-0.027363,-0.0049424,0.017416,-0.037922,0.047513,-0.031042,0.023731,-0.0026082,-0.023814,0.014506,-0.00013188,-0.011066,0.041587,-0.044898,0.0051704,0.030571,-0.015211,-0.019873,0.04272,-0.036544,0.0032853,0.043998,-0.048397,0.013528,0.009887,-0.014827,0.020666,-0.015382,0.0071292,0.0069211,-0.025863,0.024919,-0.029498,0.070773,-0.083406,0.11273,-0.18662,0.15801,-0.043996,-0.014931,0.023006,-0.012332,0.015116,-0.026274,0.0029139,0.033493,-0.027461,-0.0076165,0.02286,-0.0030562
0.01363,-0.028298,0.0093117,0.015723,-0.018406,0.0091419,0.0090272,-0.020042,0.023483,-0.019368,-0.014514,0.050994,-0.044019,0.020436,-0.02188,0.017605,0.0034292,-0.032337,0.044367,-0.0040604,-0.03299,0.029886,-0.049461,0.057483,0.0020171,-0.049034,0.025637,0.017368,-0.047877,0.044704,-0.0075601,-0.02627,0.039512,-0.017824,-0.021989,0.033743,-0.020391,0.026644,-0.017385,-0.017761,0.048094,-0.046036,0.024893,-0.017719,0.015884,-0.032566,0.10138,-0.098762,0.012753,0.02007,-0.01169,0.0022527,0.0083535,-0.0077103,0.019083,-0.037661,0.015577,0.020207,-0.029045,0.014462
-0.02409,0.061148,-0.036447,2.7752e-05,-0.00071867,0.021829,-0.043188,0.032723,0.0007703,-0.032119,0.058714,-0.060693,0.036971,0.013079,-0.032113,0.024302,-0.031017,0.043247,-0.044078,0.0054351,0.03159,-0.019633,0.035175,-0.070945,0.027645,0.027599,-0.017896,-0.011916,0.034473,-0.032584,0.013598,0.0018851,-0.0082956,0.01003,0.010954,-0.020921,0.0018179,-0.0067906,-0.0047438,0.054908,-0.072889,0.064956,-0.012329,-0.050134,0.051459,-0.070096,0.097993,-0.060967,0.037042,-0.025481,-0.0059464,0.019421,-0.023421,0.029423,-0.02858,0.022492,0.0041268,-0.029094,0.011602,0.0043954
-0.0014647,-0.018201,0.0081685,0.0098252,-0.0016598,-0.028773,0.06029,-0.049185,-0.00513,0.052503,-0.071553,0.049219,-0.019925,-0.017185,0.029794,-0.020613,0.0273,-0.034262,0.025362,-0.0064743,-0.0039375,-0.014164,-0.0023267,0.056701,-0.063313,0.023497,-0.011995,0.01635,-0.016026,0.012381,-0.018809,0.0097624,-0.009135,-0.0049526,0.019747,-0.025689,0.024393,-0.0053192,0.0068502,-0.038981,0.041405,-0.034032,-0.0088987,0.065904,-0.024595,0.012769,-0.10966,0.12006,-0.051071,0.013689,0.010482,-0.029653,0.036507,-0.041715,0.043498,-0.033297,0.0068534,0.018116,-0.006176,-0.016697
0.0083325,-0.019817,0.024419,-0.016183,0.0091196,0.0036721,-0.02833,0.017403,0.026597,-0.057315,0.047632,-0.026542,0.016694,-0.0017737,-0.010748,0.0035781,-0.02398,0.042816,-0.026141,0.0044498,-0.012456,0.032823,-0.012846,-0.021331,0.024805,-0.0099779,-0.0011519,0.00016563,-0.0080725,0.016032,0.010413,-0.02194,0.022761,-0.012032,-0.017945,0.040149,-0.026156,-0.0048578,0.018125,-0.022401,0.029144,-0.022219,0.034925,-0.040056,-0.029732,0.088118,-0.02564,-0.041324,0.025619,-0.0077706,0.014818,-0.001971,-0.012682,0.022482,-0.044031,0.047407,-0.025117,0.0024271,0.0074047,0.021382
0.02545,-0.017979,0.018147,-0.021758,0.015148,0.009112,-0.0054919,0.018307,-0.043335,0.046729,-0.01141,0.0052342,-0.026191,0.028101,-0.011237,0.004048,0.02035,-0.040035,0.022399,-0.0044773,0.019577,-0.047121,0.022941,0.013337,0.0041938,-0.023318,0.015827,-0.0092549,0.00802,-0.016556,-0.0027561,0.03183,-0.043997,0.028275,-0.0014708,-0.028064,0.023671,-0.0036232,-0.0031136,0.021295,-0.028572,0.011464,-0.013353,0.00072391,0.033793,-0.05597,0.040734,0.012149,-0.034966,0.023987,-0.038454,0.029654,-0.021565,0.016017,0.016956,-0.03537,0.022674,-0.014845,-0.0061273,-0.029079
-0.020706,0.0359,-0.063768,0.055283,-0.031936,-0.0062244,0.017936,-0.0227,0.028418,-0.0033442,-0.0435,0.032591,0.011606,-0.017926,0.0094893,-0.0066378,-0.018127,0.014905,0.013764,-0.016033,-0.013551,0.04395,-0.02396,-0.03144,0.031989,0.0041606,-0.0045114,0.00052491,-0.0087353,0.014225,-0.0078695,-0.013953,0.027234,-0.015016,-0.0010775,0.018527,-0.018111,0.0017471,-0.014148,0.015453,0.002034,-0.0021363,0.01592,-0.015448,0.010156,-0.014299,0.003117,-0.00229,0.017248,-0.0068606,0.013062,-0.013041,0.01228,-0.0001411,-0.031023,0.035206,-0.017955,0.016337,0.0095413,0.010467
-0.0086272,-0.024276,0.077007,-0.073911,0.041532,0.0049394,-0.04003,0.046797,-0.033974,-0.0069606,0.060458,-0.05462,0.017047,-0.012426,0.0057056,0.0090433,0.012585,-0.011465,-0.021828,0.030263,-0.010494,-0.016908,0.011326,0.024653,-0.038179,0.011987,0.00036123,0.010623,-0.011564,0.0017713,0.0012101,-0.0061076,0.014331,-0.025892,0.023297,-0.019375,0.0093604,0.023633,-0.017094,-0.018049,0.0030038,0.017807,-0.035105,0.057285,-0.062593,0.066213,-0.050033,0.011539,-0.0087463,0.0071689,-0.00038991,0.010914,-0.016704,-0.024386,0.058176,-0.050277,0.023712,-0.01601,-0.014997,0.018103
0.040153,0.013009,-0.058061,0.050387,-0.028162,0.003131,0.030699,-0.034645,0.0055337,0.02961,-0.037349,0.016313,0.011072,-0.0046543,0.013092,-0.029761,0.019956,-0.0055931,0.0038117,-0.013064,0.019719,-0.0058928,0.0021801,-0.014339,0.015664,-0.010539,0.0096147,-0.019882,0.037282,-0.038887,0.027177,-0.0072356,-0.017786,0.035892,-0.036017,0.019978,-0.0113,-0.0072128,-0.0015687,0.043997,-0.036068,0.011746,-0.0034685,-0.03396,0.056813,-0.054039,0.047058,-0.00049593,-0.009209,-0.01551,0.025307,-0.046868,0.055431,0.002869,-0.043576,0.04172,-0.027555,0.014218,0.0080807,-0.041229
-0.059104,-0.012738,0.04232,-0.021417,0.0084158,-0.010577,-0.01159,0.013329,0.024607,-0.066301,0.042688,0.0070494,-0.031956,0.02057,-0.016644,0.029046,-0.037214,0.015979,0.026108,-0.029941,-0.0019652,0.010833,-0.011727,0.020949,-0.016704,0.00915,-0.019215,0.024574,-0.025918,0.034378,-0.027515,0.011795,-0.02114,0.013767,0.0066383,-0.006909,0.0042149,-0.01984,0.055705,-0.096922,0.084537,-0.061488,0.058372,-0.028552,-0.0032499,0.007034,0.0096257,-0.045747,0.051496,-0.0095889,-0.042238,0.089821,-0.082829,0.025964,0.0092773,-0.025355,0.030498,-0.018712,0.012665,0.029719
0.024153,0.035636,-0.063927,0.028139,-0.0078467,0.015226,0.0033414,-0.032819,0.016153,0.042812,-0.06317,0.032492,-0.011293,0.019088,-0.02673,0.014356,0.020779,-0.0061658,-0.052121,0.069343,-0.024893,-0.0023105,0.0074664,-0.020525,0.025106,-0.0079038,0.010917,-0.013983,-0.00018643,0.0045851,-0.0052326,0.013703,0.018073,-0.038916,0.017633,0.0024628,-0.01017,0.028723,-0.052876,0.063006,-0.058769,0.065693,-0.077066,0.063036,-0.034593,0.0080534,-0.015383,0.03185,-0.024934,0.0053935,0.046064,-0.088484,0.067945,-0.016309,-0.0029807,0.025371,-0.031189,0.025493,-0.027413,0.011266
0.011304,-0.04296,0.079269,-0.054618,0.021578,-0.006399,0.0014791,0.038188,-0.060737,0.017592,0.044096,-0.048849,0.040485,-0.049448,0.048828,-0.023171,-0.020194,0.029857,0.014728,-0.048594,0.019,0.011797,-0.0015556,0.0028936,-0.011859,0.00055953,-0.0015101,0.0072705,0.0060834,-0.011068,0.005827,0.011073,-0.030863,0.028647,-0.0097923,-0.0011553,0.002931,-0.014078,0.0257,-0.0064222,-0.0010146,-0.039772,0.076133,-0.07329,0.050102,-0.027664,0.024211,-0.019696,0.0023742,0.0058767,-0.028612,0.035105,-0.0088323,-0.019,0.024969,-0.027219,0.0092079,0.0023345,-0.013269,0.012989
-0.014257,0.036573,-0.063777,0.076204,-0.061161,0.021758,-0.0059578,-0.026844,0.067681,-0.034333,-0.037272,0.043534,-0.026715,0.026808,-0.0092006,-0.035711,0.05594,-0.059093,0.042767,0.0022324,-0.0068371,-0.022588,0.012871,-0.0057994,0.0022224,0.006595,0.0017078,-0.017687,0.011036,-0.0009609,0.003758,-0.044958,0.067737,-0.054895,0.025438,-0.0080245,0.02259,-0.035331,0.010231,-0.00050053,0.0033538,0.02299,-0.055496,0.039824,-0.00068998,-0.0031068,-0.0059334,-0.003815,0.0054186,-0.016974,0.013115,0.022981,-0.037102,0.03864,-0.051407,0.039835,-0.013514,0.0034179,0.024235,-0.052894
0.013243,-0.035996,0.05853,-0.077669,0.084368,-0.036806,-0.0012428,0.022477,-0.051232,0.011421,0.054802,-0.040064,0.014755,-0.0045392,-0.028968,0.066761,-0.061275,0.045523,-0.036972,0.012854,0.00057981,0.014081,-0.0072319,0.0039063,0.0066514,-0.012303,-0.0072466,0.036126,-0.048285,0.032062,-0.01088,0.031075,-0.038909,0.035052,-0.025274,-0.0087855,0.0016378,0.032196,-0.021033,-0.0031596,-0.015462,0.030324,-0.015734,0.010415,-0.041499,0.035599,-0.018609,0.021816,-0.011563,0.023813,-0.011595,-0.058082,0.064205,-0.034253,0.043384,-0.032766,0.015842,-0.030538,-0.0064619,0.041466
-0.0024012,0.0030728,-0.034492,0.047558,-0.059431,0.024689,0.010127,-0.021804,0.021936,0.030838,-0.070728,0.019766,0.0072084,-0.0045835,0.02817,-0.032712,0.0088443,-0.022542,0.018867,-0.0038397,-0.0034703,0.014895,-0.029059,0.018607,-0.023062,0.019085,0.0069328,-0.025409,0.034045,-0.021993,-0.00086394,0.0077868,-0.019792,0.020479,-0.02217,0.051147,-0.037018,0.0040906,-0.018242,0.037698,0.0085508,-0.061473,0.062014,-0.029134,0.008883,0.0038384,-0.0078061,-0.0030164,0.0078232,-0.026894,0.020136,0.037718,-0.056926,0.030241,-0.023191,0.016247,0.0014171,0.017716,0.015279,-0.043035
-0.0017073,-0.011768,0.026856,-0.030793,0.02314,0.019583,-0.047963,0.048974,-0.040874,-0.023826,0.055417,0.008276,-0.038395,0.036432,-0.047416,0.021264,0.027029,-0.0071035,-0.0094155,0.0074382,-0.016603,-0.0061034,0.033672,-0.019949,0.016096,-0.012026,-0.014614,0.023595,-0.016542,0.0051198,0.0040905,-0.016428,0.02608,-0.016942,0.028268,-0.063199,0.045752,-0.010593,0.039838,-0.065419,0.01659,0.036924,-0.032923,0.0013942,0.027423,-0.030299,0.023443,-0.021429,0.0015507,0.012957,-0.0044744,-0.012065,0.031171,-0.023988,0.0040047,-0.0072571,0.0030562,0.0094723,-0.036433,0.047747
-0.01218,0.047713,-0.049132,0.023997,0.0055971,-0.045787,0.053282,-0.03663,0.031881,0.0079782,-0.029173,-0.014556,0.037435,-0.0398,0.038762,-0.016639,-0.011356,0.015851,-0.0074697,-0.013002,0.035209,-0.026353,0.011919,-0.023583,0.018043,-0.0042486,0.016357,-0.023563,0.012928,-0.0097698,0.017387,0.00018225,-0.022353,0.000323,-0.0024397,0.022913,-0.015299,0.001041,-0.029081,0.048447,-7.2724e-05,-0.044723,0.027877,0.016109,-0.041007,0.038918,-0.039017,0.052281,-0.03328,0.015493,-0.02087,0.0074308,-0.022916,0.04257,-0.028156,0.024311,-0.027133,0.0042644,0.018789,-0.017808
0.033669,-0.078293,0.087165,-0.070358,0.027682,0.034568,-0.044627,0.017618,-0.010515,0.0020355,-0.0043813,0.01926,-0.015754,0.015237,-0.00077606,-0.011231,-0.0038149,-0.0041626,0.024962,0.0023211,-0.037991,0.032332,-0.01918,0.031031,-0.028631,0.0080479,-0.01217,0.021752,-0.012387,0.007538,-0.035515,0.045696,-0.0061562,-0.0038051,-0.0065664,0.015916,-0.037225,0.032494,-0.00027756,-0.021378,-0.0074584,0.045297,-0.036331,-0.012606,0.032678,-0.017873,0.023583,-0.045254,0.037539,-0.025572,0.029471,-0.021656,0.037194,-0.062149,0.060475,-0.045526,0.02395,-0.0015695,-0.0050249,-0.0069409
-0.02442,0.045153,-0.049302,0.050716,-0.06612,0.043949,-0.0042959,-0.0051783,-0.0082759,0.01561,0.010276,-0.032455,0.029508,-0.019294,-0.0074941,0.021049,-0.0021042,0.0027749,-0.032725,0.035436,0.0061857,-0.04124,0.043997,-0.040669,0.030729,-0.0028075,-0.0036671,0.0059537,-0.025504,0.052503,-0.030384,-0.01807,0.019394,-0.0065978,-0.0032951,0.0025841,0.018132,-0.016684,-0.005091,0.023483,-0.017997,-0.015635,0.043612,-0.024467,0.0038073,-0.0063649,0.011033,0.0024703,-0.015613,0.0039678,0.0046624,0.003531,-0.034551,0.07968,-0.097282,0.076792,-0.043153,0.027482,-0.016384,0.0029639
