0.038059,-0.032214,0.017478,-0.038734,0.054233,-0.030885,0.013092,-0.0089871,-0.015364,0.03748,-0.050576,0.0322,0.0091051,-0.021849,0.014903,0.010135,-0.049181,0.046426,-0.0038083,-0.044861,0.046322,-0.010679,-0.016398,0.027359,-0.010117,0.010102,-0.022861,0.00055572,-0.011066,0.044431,-0.039343,-0.013259,0.038821,-0.012551,-0.0066291,0.0066893,-0.010654,0.0034719,-0.0054743,0.0023226,-0.00054105,0.0084859,0.0057682,-0.005704,-0.011081,-0.0028337,-0.0037956,0.0099518,0.0047798,-0.0012489,-0.00098996,0.0048767,0.020895,-0.061158,0.070548,-0.06031,0.036029,-0.0081094,0.0037869,-0.0070413
0.0021055,0.02951,0.0034742,0.0085246,-0.040801,0.049657,-0.037736,0.033104,0.0042625,-0.038788,0.057193,-0.037171,-0.014724,0.025425,-0.0016969,-0.015135,0.049083,-0.03486,-0.020258,0.050773,-0.046825,0.006747,0.034414,-0.037888,0.018014,-0.017721,0.033019,-0.022949,0.012182,-0.02073,-0.0067668,0.066145,-0.070524,0.035505,-0.0033032,-0.029857,0.049154,-0.037475,0.019712,-0.0057531,0.0065736,-0.029185,0.036201,-0.02055,0.012607,0.0024949,0.008307,0.0054701,-0.011785,-0.022673,0.023562,-0.0073946,-0.01924,0.062276,-0.075087,0.059901,-0.037173,0.0069849,-0.0057491,-0.042584
-0.0017233,-0.038368,0.0046189,-0.0035519,0.01669,-0.009709,-0.015543,0.0043695,-0.0082281,0.028083,-0.045184,0.041211,-0.013473,-0.012324,0.019652,-0.016893,-0.014597,0.01346,0.034057,-0.073664,0.065939,-0.016087,-0.028845,0.020077,-0.033882,0.07658,-0.082208,0.051046,-0.030092,0.0065793,0.028976,-0.07788,0.077887,-0.044418,0.0077419,0.030488,-0.056456,0.056736,-0.029913,0.00072194,-0.0041786,0.011188,-0.013297,0.0077525,0.014728,-0.030471,0.0097322,-0.02403,0.039179,-0.013075,-0.0012021,0.00091126,0.018804,-0.034891,0.0308,-0.016145,-0.0076203,0.036788,-0.0096526,0.052805
-0.0043615,0.041723,0.0091835,-0.020385,0.009181,-0.022486,0.038159,-0.0089039,-0.0028819,0.0036668,0.014006,-0.022236,0.0032822,0.01012,-0.019141,0.024289,0.016495,-0.0037135,-0.049285,0.085694,-0.070802,0.0046206,0.053059,-0.035881,0.030377,-0.056608,0.06011,-0.030733,0.016225,-0.0074556,-0.035342,0.085151,-0.088072,0.051125,-0.0064943,-0.034141,0.055703,-0.043194,0.011541,0.0084941,0.0029047,-0.025837,0.033958,-0.0278,0.0081893,0.00067158,0.010897,0.0076229,-0.019217,0.013131,-0.015607,0.0036163,-0.017126,0.016343,0.0040386,-0.017356,0.031057,-0.038123,-0.0067061,-0.034744
0.024455,-0.010895,-0.02642,0.041712,-0.02335,0.041279,-0.06377,0.022627,0.0046069,-0.021588,0.026974,0.0027377,-0.0079561,-0.0051463,0.0065424,-0.011559,-0.013142,0.0022452,0.046999,-0.07544,0.052594,0.0083972,-0.034382,0.0043496,-0.0057047,0.027814,-0.034004,0.034862,-0.025182,0.021856,-0.0020995,-0.047468,0.068435,-0.033624,-0.010218,0.028976,-0.059694,0.0442,-0.005413,0.014517,-0.037749,0.038723,-0.041216,0.037672,-0.023046,0.032243,-0.040093,0.0060663,0.031944,-0.048811,0.045822,-0.008906,-0.0021857,0.018295,-0.031829,0.012637,-0.012232,-0.0052749,0.063863,-0.045045
-0.023712,-0.031965,0.045997,-0.037247,0.019997,-0.03806,0.062442,-0.037781,0.0026089,0.015281,-0.022571,0.0032228,0.0085145,0.0013577,-0.015824,0.018727,-0.0062863,0.017499,-0.045209,0.052143,-0.023126,-0.020829,0.032765,-0.011934,0.0090586,-0.02368,0.025941,-0.017786,-0.0028407,0.016668,-0.010242,0.021346,-0.0309,0.0085805,0.0092525,-0.0051574,0.030052,-0.023008,-0.022802,0.025413,-0.0035879,-0.0064673,0.012354,-0.026047,0.017765,-0.02696,0.048103,-0.030752,-0.0033433,0.030302,-0.026147,-0.009274,0.01126,-0.014618,0.022338,0.014979,-0.024387,0.044942,-0.078672,0.072304
0.00041571,0.067501,-0.062255,0.031112,-0.0023171,0.023146,-0.038726,0.02582,0.0097052,-0.040323,0.042847,-0.012606,0.010216,-0.017641,0.031542,-0.031561,0.010666,0.0087811,-0.0013959,-0.0095452,-0.0018203,0.012621,-0.0081462,0.029097,-0.044094,0.036128,-0.025823,0.018089,-0.005649,-0.0104,0.023371,-0.036247,0.045022,-0.026199,0.027738,-0.027527,-0.011303,0.011774,0.02158,-0.048703,0.065466,-0.058727,0.015843,0.039195,-0.057076,0.041037,-0.042297,0.030417,-0.013374,-0.011368,0.021659,-0.004122,-0.0022247,0.0031329,-0.012618,-0.00065922,-0.012584,-0.015567,0.047337,-0.058361
-0.017786,-0.040456,0.030671,-0.00057159,-0.042232,0.035778,-0.028507,0.01802,-0.010856,0.017146,-0.030909,0.027225,-0.045544,0.047415,-0.031824,0.012299,0.0089237,-0.033435,0.028849,0.00092368,-0.017803,0.026343,-0.032187,-0.0052096,0.040031,-0.032417,0.0021777,0.021459,-0.0047657,-0.015653,-0.0054788,0.033104,-0.032172,0.022039,-0.028312,0.025908,-0.0012093,0.0097507,-0.017025,0.023005,-0.042863,0.05758,-0.030923,-0.018637,0.038279,-0.024205,0.011453,0.004729,-0.0041537,0.0074978,-0.020001,0.016419,0.0032549,-0.032825,0.036559,-0.0079169,0.017523,0.011515,-0.046697,0.066696
0.054774,-0.012278,0.019799,-0.02676,0.051021,-0.04287,0.04,-0.027335,-0.006616,0.029586,-0.024463,0.0070221,0.03795,-0.045425,0.017262,-0.0018743,0.0001739,0.0073822,-0.0072093,-0.014551,0.038881,-0.052794,0.051186,-0.028401,0.0057713,-0.00033169,0.019089,-0.062012,0.060485,-0.023919,0.01947,-0.018819,-0.014013,0.024466,0.0073016,-0.014456,0.01393,-0.018246,-0.0042129,0.033215,-0.026773,-0.021514,0.043335,-0.0029273,-0.03127,0.031778,-0.028157,0.017848,-0.021101,0.021316,-0.017315,0.014776,-0.027523,0.054819,-0.054443,0.0098389,0.010817,-0.043872,0.060574,-0.082384
-0.061208,0.023315,-0.0087944,0.00011611,-0.0077215,-0.0093901,-0.0055954,0.022087,-0.0031488,-0.018297,0.016308,0.0035061,-0.046946,0.05244,-0.012036,-0.0064958,-0.0021641,0.015366,-0.012791,0.017561,-0.043991,0.065201,-0.056121,0.037364,-0.022768,0.021861,-0.036439,0.061658,-0.062728,0.036116,-0.021264,0.0028553,0.033871,-0.038824,0.009895,-0.002439,-0.0047036,0.0076141,0.016162,-0.036537,0.053027,-0.024907,-0.01578,-0.0050406,0.066962,-0.071245,0.031534,-0.0094327,0.012862,-0.014288,0.034062,-0.04336,0.048385,-0.06626,0.057062,-0.019963,-0.013066,0.060699,-0.053978,0.049832
0.04296,-0.040282,0.017708,-0.011767,0.023415,-0.0063867,0.019624,-0.051214,0.035323,-0.013237,-0.0010457,-0.019289,0.06187,-0.070285,0.027189,0.017574,-0.033037,0.012572,-0.013898,0.014176,0.013965,-0.041435,0.049108,-0.057527,0.039066,-0.023589,0.032743,-0.032014,0.011929,-0.0057604,0.002871,0.0066807,-0.024812,0.018477,-0.0055263,0.010184,-0.0087802,0.013938,-0.038667,0.043023,-0.047511,0.049638,-0.027877,0.022956,-0.062353,0.065812,-0.0086965,-0.017706,0.017344,-0.010651,-0.031023,0.058587,-0.048783,0.047097,-0.041232,0.023164,-0.002404,-0.026952,0.011117,0.013628
-0.02688,0.057195,-0.046819,0.059509,-0.055616,0.029479,-0.037285,0.07149,-0.065812,0.052303,-0.027675,0.024811,-0.048678,0.050824,-0.021742,-0.026617,0.058388,-0.040788,0.040975,-0.042177,0.011477,0.013345,-0.022189,0.045703,-0.042578,0.02674,-0.038529,0.042822,-0.015886,0.0018032,-0.00028748,0.0053346,-0.0050142,0.010265,-0.019773,-0.0023147,0.022604,-0.028214,0.041383,-0.039447,0.022678,-0.027111,0.030825,-0.038823,0.065693,-0.046142,-0.013882,0.034681,-0.030767,0.0086053,0.042979,-0.070205,0.045263,-0.010717,0.0093506,-0.01926,-0.0063617,0.016718,0.0073101,-0.032966
0.019363,-0.035805,0.036951,-0.070026,0.058671,-0.0014662,0.0069094,-0.055911,0.08797,-0.08944,0.070046,-0.053418,0.045206,-0.028575,0.0098599,0.036491,-0.058262,0.035738,-0.026839,0.025029,-0.014565,0.0062819,0.0022493,-0.026952,0.052311,-0.067545,0.068931,-0.05312,0.01977,0.013354,-0.019543,-0.01675,0.034356,-0.0088279,0.0081899,0.0063903,-0.035691,0.019419,0.001545,-0.0041914,-0.0050762,0.018354,-0.018473,0.012425,-0.017461,-0.0030085,0.031538,-0.041248,0.037313,-0.0046284,-0.03538,0.060768,-0.04988,0.0059054,-0.00018489,0.026036,0.0081496,-0.018142,-0.010132,0.0050195
-0.040945,0.012793,-0.0066275,0.035184,-0.038543,-0.014655,0.0065654,0.045448,-0.09694,0.094224,-0.060006,0.044577,-0.028426,0.00322,-0.011665,-0.010349,0.025837,-0.017626,0.021756,-0.022736,0.040769,-0.050721,0.022187,0.00044651,-0.025321,0.06406,-0.063251,0.03344,-0.019256,0.006839,-0.010373,0.05526,-0.064094,0.0068551,0.0093666,6.5263e-05,0.013712,0.0010433,-0.015237,0.014235,0.0047141,-0.014468,-0.021378,0.042058,-0.044752,0.045887,-0.023246,0.025293,-0.018892,-0.0264,0.042577,-0.052851,0.059758,-0.013293,-0.0060268,-0.014556,-0.0057621,0.0043865,0.031662,0.024177
0.068154,-0.019599,-0.0018512,-0.00078908,0.0028157,0.027442,-0.019676,-0.024086,0.067503,-0.06094,0.032283,-0.029183,0.023182,0.0063805,0.0055177,-0.013305,0.0084562,0.0075894,-0.0183,0.0028395,-0.016227,0.046017,-0.023463,0.021109,-0.034132,-0.0064698,0.03679,-0.025455,0.024344,-0.027349,0.041621,-0.078639,0.077651,-0.029272,0.0062815,-0.0029625,-0.0045915,-0.010218,0.027956,-0.034277,0.039368,-0.042699,0.081065,-0.097591,0.069949,-0.047475,0.013498,-0.038495,0.042127,0.018055,-0.02889,0.025349,-0.051607,0.025056,0.00084956,0.0042843,0.0033889,0.0056773,-0.039282,-0.035774
-0.016695,-0.015967,0.0086509,0.0016054,-0.011896,0.00868,-0.014609,0.024908,-0.024021,-0.00078413,-0.0013201,0.039408,-0.058243,0.023387,-0.0034085,0.0049721,-0.010631,0.0022084,-0.018656,0.061057,-0.059319,0.021772,-0.019566,-0.0034184,0.036541,-0.010984,-0.024828,0.026564,-0.013856,0.0090503,-0.030667,0.055453,-0.029931,-0.0059542,0.017543,-0.024694,0.012191,0.020988,-0.050478,0.049068,-0.038127,0.036043,-0.046918,0.066151,-0.047895,0.018343,-0.0007019,0.028977,-0.048515,0.0074999,0.0056383,0.0084013,0.017306,-0.036454,0.035735,-0.037415,0.038517,-0.042338,0.052409,0.0092245
-0.019722,0.059974,-0.019739,-0.0084534,0.02868,-0.036231,0.04889,-0.058343,0.025313,0.0088839,0.0095935,-0.046774,0.064675,-0.033927,-0.00076092,-0.0069108,0.017406,-0.0096839,0.034668,-0.068497,0.053086,-0.022285,0.029104,-0.0081095,-0.025166,0.0036921,0.0052195,0.0041852,-0.012436,0.017659,0.00025408,-0.017504,-0.0098903,0.044005,-0.042822,0.02503,0.0015764,-0.027388,0.033677,0.0034489,-0.037446,0.043444,-0.036298,0.011717,-0.001934,0.012868,0.0040278,-0.028242,0.043225,-0.033162,0.0065923,-0.00054148,-0.022059,0.058492,-0.078842,0.083871,-0.089947,0.089975,-0.08555,0.01543
-0.015197,-0.018971,0.0050228,-0.0021779,0.015862,-0.022902,0.010893,0.025532,-0.011944,-0.0014726,-0.04357,0.056032,-0.032583,0.0069183,0.022816,-0.00063107,-0.031452,0.03281,-0.047075,0.045106,0.015459,-0.056724,0.047309,-0.035894,0.023203,0.014033,-0.01679,-0.01839,0.024759,-0.009554,0.0042116,-0.0049034,0.014989,-0.040056,0.053175,-0.012201,-0.032129,0.041402,-0.02736,-0.020596,0.041841,-0.043035,0.043705,-0.017383,0.0078279,-0.013573,-0.0017183,0.0086887,-0.027273,0.038254,-0.0096179,-0.0036644,0.027311,-0.065714,0.077245,-0.081226,0.078367,-0.059285,0.058214,-0.015926
0.02831,-0.022672,0.0074612,0.0179,-0.056926,0.080575,-0.068369,0.040503,-0.047757,0.040383,0.021403,-0.042829,0.0090786,-0.0014036,-0.010631,0.0077267,0.0036997,-0.010978,0.02063,-0.012055,-0.037005,0.052381,-0.047854,0.053057,-0.011794,-0.022843,0.0056506,0.020451,-0.01938,-0.018804,0.032224,-0.015263,0.0053699,0.014766,-0.042486,0.010886,0.041028,-0.040169,0.0024815,0.027852,0.0016897,-0.026551,0.0087537,-0.0051155,-0.018822,0.038124,-0.024105,0.034898,-0.011719,-0.015145,-0.00064841,-0.011574,0.019201,0.0095624,-0.015342,0.023535,-0.030288,0.0096989,0.0012912,-0.0020429
-0.032569,0.030171,-0.0032121,-0.027697,0.053633,-0.071637,0.044108,-0.021466,0.042264,-0.022828,-0.02748,0.037831,-0.014001,0.018583,-0.024845,0.0099589,0.014846,-0.014609,-0.001085,-0.003484,0.021062,0.0046622,-0.021197,-0.017458,0.016904,0.0044292,0.023523,-0.02895,-0.0039297,0.029828,-0.033308,0.026224,-0.027204,0.035172,-0.029695,0.030805,-0.04064,0.021486,0.039061,-0.048428,-0.025194,0.06496,-0.045667,0.050172,-0.024995,-0.017538,0.014218,-0.016615,0.020423,-0.015409,0.018047,0.0063356,-0.043722,0.039579,-0.025398,0.018832,-0.021327,0.02613,-0.03005,0.018391
0.032813,-0.042674,0.0062819,0.022173,-0.02885,0.029051,0.003888,-0.032204,0.0099237,-0.025996,0.063817,-0.046903,0.022427,-0.027094,0.040273,-0.038465,0.015457,-0.015466,0.027872,-0.012433,-0.014399,0.0018565,0.024945,-0.03309,0.0072307,0.019329,-0.040796,0.038006,0.0063911,-0.034117,0.024075,-0.024391,0.021616,-0.037316,0.073297,-0.068877,0.039508,0.0091654,-0.086664,0.078076,0.025664,-0.070366,0.035318,-0.035453,0.036983,0.0093061,-0.028548,0.018758,-0.038394,0.054928,-0.027212,0.0039402,0.023289,-0.039276,0.03175,-0.034539,0.071231,-0.084204,0.065342,-0.026254
-0.010759,0.027135,-0.010081,-0.015219,0.012703,-0.011059,-0.010894,0.02612,-0.011339,0.016415,-0.041598,0.030642,-0.024907,0.030257,-0.033189,0.03666,-0.038352,0.050186,-0.066867,0.076661,-0.056658,0.018844,-0.029772,0.085247,-0.040468,-0.048653,0.065311,-0.048248,0.0049367,0.028221,-0.026212,0.025629,-0.02511,0.030883,-0.065241,0.062323,-0.036548,-0.009357,0.081539,-0.074314,-0.010207,0.045541,-0.0091877,-0.014374,0.027625,-0.056167,0.047924,-0.006676,0.017404,-0.039263,0.011977,0.0046367,-0.0093959,0.02556,-0.041595,0.067094,-0.10744,0.1287,-0.09817,0.04114
0.011491,-0.0049153,0.0073495,0.0068119,-0.0031765,0.0073312,-0.0081211,2.1404e-05,-0.0040207,-0.005342,0.017959,-0.0086706,0.020655,-0.017729,0.0065405,-0.013531,0.049012,-0.11652,0.15529,-0.20084,0.20812,-0.058554,0.00081424,-0.11837,0.058602,0.081548,-0.074536,0.058537,-0.039301,-0.018999,0.0527,-0.050601,0.045826,-0.058045,0.050054,-0.020685,0.021827,-0.029712,0.028548,-0.038758,0.035926,-0.0089675,-0.015091,0.0027801,-0.0020932,0.028595,-0.026145,0.024204,-0.033356,0.012426,0.010901,-0.020166,0.022964,-0.019719,0.036605,-0.085536,0.12214,-0.13111,0.088714,-0.041688
-0.0057015,-0.00024144,0.0015789,-0.0003615,-0.0057929,0.010455,0.0048842,-0.0074666,0.006126,0.00491,-0.017001,0.00013094,-0.0054594,-0.0050175,0.014989,0.018468,-0.064288,0.13128,-0.15328,0.16994,-0.22205,0.053426,0.08868,0.08399,-0.078498,-0.10776,0.094804,-0.044524,0.040741,0.035266,-0.107,0.087262,-0.031255,0.025715,-0.0052022,-0.035595,0.02053,0.0088877,-0.093764,0.15289,-0.08536,-0.013068,0.05649,-0.05285,0.02962,-0.015885,-0.010761,-0.012997,0.044612,-0.0039527,-0.01274,0.024906,-0.049883,0.045056,-0.037892,0.056842,-0.08428,0.098766,-0.058188,0.016864
0.0024942,-0.00095381,0.00098993,-0.0074935,0.0087078,-0.010297,-0.0014349,0.0022814,0.0030832,-0.0093698,0.016438,0.003856,-0.0090741,0.0096958,-0.0067247,-0.025393,0.036268,-0.022027,-0.010016,0.015559,0.083274,-0.05435,-0.072467,-0.031299,0.076134,0.066283,-0.075992,-0.00047574,0.0040266,-0.016746,0.054671,-0.028251,-0.040212,0.039273,-0.024376,0.038732,-0.03246,0.064033,0.019326,-0.14219,0.056331,0.053667,-0.049456,0.030919,0.028144,-0.083802,0.08704,-0.072819,0.048231,-0.024301,-0.0012774,-0.017757,0.052793,-0.0465,0.028243,-0.0020455,0.0089657,-0.044044,0.034472,-0.01033
-0.0039835,0.0078248,-0.0040352,0.011051,-0.0051898,0.0016698,0.0040772,0.0032933,-0.011567,0.0066611,-0.01026,0.001052,0.011312,-0.0092462,0.0047827,0.0050147,0.0010069,-0.034205,0.067588,-0.066651,0.014267,0.0069181,0.029832,0.0048799,-0.043836,0.017774,-0.006801,0.032473,-0.034201,-0.0069224,0.0033209,0.025979,0.034008,-0.061324,0.019903,0.0030909,-0.035621,-0.034407,0.069218,0.033965,0.05062,-0.15675,0.022614,0.10314,-0.21996,0.28112,-0.15038,0.050338,-0.044747,-0.022985,0.065877,-0.019063,-0.023402,0.012024,0.015413,-0.043755,0.029971,0.01224,-0.020236,0.0052128
-0.0094141,-0.0073032,0.003715,-0.0089089,0.00073563,0.0020782,-0.0025654,-0.0018723,0.012691,-0.0038107,-0.00032891,-0.0014184,-0.015874,0.014745,-0.0081355,0.0059549,-0.011127,0.030017,-0.040632,0.029958,-0.026129,0.038522,-0.041283,0.012247,0.0049693,-0.02614,0.032372,-0.017688,0.032793,-0.021094,0.017857,-0.10732,0.079014,0.025579,-0.014786,-0.027643,0.09673,-0.091895,-0.018224,0.030036,-0.088537,0.16247,0.056564,-0.36465,0.54988,-0.51611,0.25565,-0.054074,-0.027853,0.11107,-0.11632,0.056847,-0.0098473,-0.0011853,-0.029594,0.063312,-0.04038,0.007879,0.0064912,0.011973
0.034835,0.011554,-0.016759,0.017697,0.012569,-0.02665,0.014637,0.0031523,-0.022363,0.012287,0.0087204,-0.0092139,0.017859,0.0012612,-0.0089248,-0.0082444,0.019846,-0.037724,0.017073,0.0090355,0.0098314,-0.026632,0.047413,-0.038386,0.0063443,0.023089,-0.027504,-0.011299,0.016468,0.0074694,-0.031371,0.10197,-0.08833,-0.008911,0.026451,0.012907,-0.093346,0.14376,-0.073007,-0.028027,0.060325,0.029443,-0.26606,0.69287,-1.0398,0.79015,-0.24366,-0.088778,0.29048,-0.27736,0.063538,0.0099557,-0.00088119,-0.015817,0.044069,-0.038208,0.0036197,0.0036148,-0.0016596,-0.035358
-0.038032,-0.025396,0.029151,-0.010062,-0.025802,0.037954,-0.0059987,-0.018403,0.03059,-0.0083524,-0.019455,0.01291,-0.0055101,-0.020251,0.02465,0.013418,-0.019787,0.013799,0.026837,-0.058431,0.010977,0.020324,-0.041315,0.037024,0.0067188,-0.011483,-0.0053765,0.047865,-0.076551,0.02664,0.069052,-0.11782,0.03213,0.0365,-0.01762,-0.0030396,0.065471,-0.088783,0.039493,0.050639,-0.074628,-0.15966,0.29652,-0.37529,0.68673,-0.51466,-0.01282,0.25787,-0.45651,0.37087,0.023133,-0.09099,0.0069134,0.02844,-0.05096,-0.024404,0.06549,-0.029923,-0.00040425,0.039594
0.010344,0.022667,-0.022843,0.0037792,0.016658,-0.023737,-0.0014732,0.013867,-0.016733,0.0080342,0.0051311,-0.00090696,-0.0011652,0.0088854,-0.013733,-0.002444,-3.1925e-05,0.0071338,-0.02563,0.040432,-0.021364,0.017713,-0.0031763,-0.0093286,-0.0070676,-0.026917,0.044459,-0.033328,0.063304,-0.064176,0.001628,0.038848,0.015369,-0.030463,-0.041981,0.047906,-0.052209,0.069139,-0.053584,-0.010407,0.089337,0.052482,-0.10287,-0.16334,0.15543,-0.066423,0.17739,-0.19989,0.27426,-0.20806,-0.058064,0.070273,-0.0035323,0.014995,0.0088777,0.043098,-0.054595,0.0087862,-0.0002511,-0.0105
-0.011041,-0.004734,0.020239,-0.024493,0.010226,0.012229,-0.014312,0.00028826,0.014837,-0.019885,0.013201,0.0016307,-0.0070091,-0.00071293,0.010077,-0.009713,0.0018475,0.010927,-0.0089807,-0.0043716,0.028188,-0.049212,0.029312,0.0015152,0.0057734,0.0054053,-0.0072393,-0.0040703,-0.053167,0.12057,-0.1363,0.13768,-0.095666,0.010154,0.06701,-0.088394,0.059363,-0.062131,0.090993,-0.027829,-0.08571,0.067744,0.030635,0.026579,-0.1497,0.12471,-0.17935,0.43774,-0.49306,0.16805,0.081744,-0.074051,0.049611,-0.042788,0.0060538,-0.0072216,0.0059914,0.008163,-0.0076345,0.010284
0.027625,-0.0076092,-0.021674,0.031369,-0.01126,-0.00978,0.017678,-0.0071426,-0.013065,0.014822,-0.0058997,-0.0092828,0.0085853,0.0076915,-0.01457,0.0096365,0.0067903,-0.028098,0.029252,-0.018628,-0.0057051,0.017046,-0.0025274,-0.0099056,-0.0058662,0.028941,-0.031876,0.0060055,0.064451,-0.12811,0.14709,-0.15814,0.10775,-0.014819,-0.025713,0.067181,-0.069622,0.039937,-0.042279,-0.014829,0.074587,-0.09977,0.089014,0.024925,-0.012311,-0.011619,0.035605,-0.45711,0.64094,-0.17829,-0.10083,0.078323,-0.0731,0.019325,0.015402,-0.017421,0.018708,0.0058885,0.011703,-0.039425
-0.020406,0.018612,0.00044188,-0.023617,0.011734,0.0039208,-0.016065,0.015994,1.5716e-05,-0.01596,0.016663,-0.0026299,-0.0080322,0.0016487,0.0093567,-0.012282,-0.01314,0.046306,-0.071523,0.061729,-0.025214,0.0020409,0.004485,-0.0017092,0.0005741,-0.032822,0.05183,-0.025522,-0.024873,0.088961,-0.13619,0.12154,-0.0415,-0.0081398,-0.012417,-0.015448,0.050663,-0.047999,0.045104,0.0029675,-0.050113,0.1321,-0.26624,0.22731,-0.096871,-0.016938,0.084642,0.11302,-0.22539,0.022238,0.030696,0.0074199,0.044475,-0.020277,-0.015844,0.04216,-0.036191,-0.026809,0.043785,0.0077397
0.025547,-0.036047,0.013136,0.026318,-0.029505,0.011382,0.020308,-0.02715,0.008629,0.016336,-0.023021,0.0047339,0.01449,-0.011144,0.00085696,0.010775,0.02842,-0.090769,0.12354,-0.10352,0.048442,-0.021805,0.0085557,-0.014609,0.021696,0.025105,-0.079571,0.089479,-0.070117,0.0015144,0.067953,-0.035406,-0.054792,0.050383,0.027586,-0.02874,-0.026357,0.047163,-0.029751,0.0022555,0.035841,-0.13833,0.21729,-0.14873,-0.012954,0.089585,0.12809,-0.32758,0.13925,0.0088693,0.080809,-0.055766,-0.035693,0.032987,0.007517,-0.067302,0.034386,0.050267,-0.09457,0.043733
-0.014888,0.036573,-0.012413,-0.016835,0.025521,-0.014924,-0.012509,0.028676,-0.01878,0.0023473,0.0057842,0.0030152,-0.014377,0.0066552,0.00048032,0.0012039,-0.025425,0.087274,-0.12685,0.10473,-0.051955,0.029921,-0.018557,0.0040867,0.0089939,-0.040864,0.082217,-0.13121,0.15115,-0.06833,-0.027092,-0.014033,0.082433,-0.04286,-0.018819,0.00065303,0.084766,-0.11818,0.014573,0.036212,-0.020192,0.091732,-0.13409,0.023019,0.14836,-0.13326,-0.31528,0.59485,-0.24449,0.025889,-0.099956,0.024676,0.043532,-0.021969,-0.0048935,0.064272,-0.02386,-0.036198,0.067121,-0.057627
0.0078518,-0.030752,0.012032,0.0020796,-0.01823,0.011482,0.0079512,-0.017518,0.020205,-0.0083589,0.00082745,-0.0045133,0.010611,-0.012206,0.0032096,-0.0013957,0.003618,-0.018744,0.052344,-0.053141,0.025439,-0.0032596,-0.017743,0.047035,-0.092284,0.097662,-0.062166,0.083235,-0.1179,0.038664,0.087358,-0.075787,0.0020298,-0.0055006,-0.0074148,0.066154,-0.14869,0.20297,-0.060425,-0.079558,0.072735,-0.077755,0.091614,-0.059626,-0.10336,0.09626,0.3923,-0.63376,0.24761,-0.044678,0.067157,0.035015,-0.058651,0.01669,0.014243,-0.049916,0.0089733,0.021008,-0.021991,0.038952
-0.016365,0.029154,-0.0061785,0.0053273,0.010459,-0.011767,-0.0061476,0.004985,-0.0083449,0.0048171,0.0030232,0.0041004,-0.00018197,0.0067152,-0.0067332,0.0077457,-0.0078623,-0.0028494,-0.0035486,0.0065422,0.0072726,-0.016028,0.035139,-0.048693,0.082329,-0.077386,0.010309,-0.0012438,0.030202,-0.0093849,-0.04962,0.065915,-0.018465,-0.0027761,0.029781,-0.066659,0.072751,-0.099389,0.031649,0.080481,-0.10355,0.090092,-0.028774,0.06806,-0.089238,0.073128,-0.44963,0.67996,-0.30936,0.059399,-0.025089,-0.072266,0.031116,0.028248,-0.054127,0.071126,-0.02928,0.011381,-0.017492,-0.0027718
0.008715,-0.0096785,-0.0015091,0.0013797,-0.0058744,0.0055905,0.0077432,-0.011111,0.01181,-0.0039864,-0.0077807,0.0048078,-0.010675,0.0054039,0.0014339,-0.0086705,0.01325,0.0044165,-0.0069129,0.0079213,-0.0079617,-0.0025459,-0.0086738,0.020501,-0.034781,0.025994,0.015288,-0.00069503,-0.02079,0.017099,-0.01524,-0.0043516,-0.0081792,0.024353,-0.028287,0.033057,0.0083067,-0.00026349,-0.023836,0.0082867,0.013121,-0.10054,0.091904,-0.043294,0.11235,-0.071547,0.19023,-0.43892,0.27878,-0.037513,-0.019207,0.078728,-0.024122,-0.058417,0.079192,-0.10962,0.10707,-0.098848,0.062177,-0.015086
-0.01318,-0.011327,0.021698,-0.031034,0.029471,-0.005445,-0.014276,0.015926,-0.011315,-0.010453,0.019136,-0.0057918,-0.0042656,0.019405,-0.022105,0.017952,-0.020682,0.0042594,0.0037743,-0.015987,0.016452,0.018481,-0.020416,-0.013047,0.043969,-0.027426,-0.011422,-0.0044615,0.024777,-0.021201,0.025405,0.0030842,-0.00178,-0.011186,0.011634,-0.028027,-0.0081896,0.018186,0.012585,0.0037978,-0.0039582,0.073691,-0.11627,-0.001762,0.047561,-0.079949,0.027378,0.2745,-0.32977,0.098802,0.043868,-0.10533,0.07493,0.015677,-0.056151,0.083897,-0.096557,0.1061,-0.073496,0.019857
0.017643,0.025292,-0.052452,0.058724,-0.042125,-0.0020057,0.022451,-0.01399,-0.0040254,0.022567,-0.022054,-0.001155,0.017834,-0.036556,0.043123,-0.037075,0.03422,-0.034927,0.029288,0.00043396,-0.022734,-0.0084744,0.036504,-0.0097538,-0.04106,0.034384,0.012791,-0.017878,-0.00023203,0.0095878,-0.01413,-0.010891,0.0026523,0.0072184,-0.010015,0.038319,-0.0061888,-0.035426,0.037275,-0.067632,0.043526,-0.021352,0.026818,0.013346,-0.011344,0.039308,-0.0016526,-0.25992,0.32294,-0.08685,-0.069991,0.096378,-0.040144,-0.027084,0.032082,-0.02691,0.017774,-0.024699,0.041981,-0.02373
2.4296e-05,-0.028603,0.04868,-0.066077,0.048873,-7.3736e-05,-0.018563,0.0081258,0.021136,-0.036997,0.027636,-0.0057059,-0.013926,0.029303,-0.024301,0.011572,-0.0019178,0.0080117,-0.027666,0.01795,-0.0012436,0.014674,-0.04658,0.039474,0.0033447,-0.018089,0.0017771,0.010878,-0.012384,0.01865,-0.031303,0.039966,0.0012158,-0.027231,0.022161,-0.032075,0.0039554,0.022267,-0.0068553,0.0042056,0.019361,-0.013709,-0.019422,0.013046,-0.036106,-0.030436,0.0758,0.098426,-0.16381,0.020843,0.045058,-0.033008,-0.016605,0.055789,-0.013689,-0.0060653,0.00035991,-0.0031751,-0.011712,0.014763
-0.010699,0.030234,-0.020306,0.041918,-0.05053,0.019454,-0.003454,0.0065268,-0.034581,0.04448,-0.024457,0.0056322,0.010659,-0.031649,0.02856,0.0017632,-0.01654,0.019042,-0.012032,0.004853,0.012937,-0.043588,0.074297,-0.063294,0.028853,-0.015953,0.0036198,-0.001062,0.020124,-0.031473,0.030179,-0.010136,-0.034018,0.046024,-0.015899,-0.01312,0.035694,-0.022467,-0.019036,0.050401,-0.074817,0.045827,0.02,-0.022263,-0.012313,0.077555,-0.12075,0.018183,0.067037,-0.034606,0.013948,-0.010725,0.0053181,-0.017216,-0.0079689,0.019703,0.020755,-0.038272,0.034274,-0.024622
0.028558,-0.053572,0.010818,0.011353,0.0015235,-0.016019,0.027363,-0.022121,0.023911,-0.016019,-0.01138,0.017913,-0.013791,0.022768,-0.031332,0.010157,0.0094631,-0.014612,0.023284,-0.027209,0.0074883,0.032355,-0.062832,0.040753,-0.0062134,0.011505,-0.010805,-0.004508,-0.010018,0.02667,-0.0095758,-0.027331,0.050754,-0.036277,-0.0040352,0.037089,-0.050148,0.026881,0.013917,-0.051138,0.083229,-0.071369,0.027227,0.0069687,0.0022521,-0.019265,0.016314,-0.0042059,-0.0049772,0.0016538,-0.0042845,0.0086594,-0.006274,-0.0056386,0.018016,-0.026013,-0.011195,0.048658,-0.042817,0.027475
-0.011513,0.045805,-0.020874,-0.022833,0.031788,0.0058071,-0.042748,0.029899,0.0095109,-0.039925,0.057281,-0.042872,0.014667,-0.0042089,-0.0064531,0.019307,-0.028378,0.029094,-0.026045,0.020111,-0.0072625,-0.017065,0.017368,0.012767,-0.033052,0.02485,-0.0013697,-0.00095817,0.008387,-0.02185,0.019585,0.010116,-0.027934,0.016278,0.012034,-0.020416,0.010902,-0.0023073,-0.008746,0.036204,-0.061513,0.048287,-0.027839,0.015184,-0.0062052,-0.0032078,0.021206,-0.032325,0.021163,0.0082853,-0.01913,0.0090987,-0.0040287,0.012519,-0.031371,0.035332,-0.01647,-0.012994,0.0055698,-0.0065104
-0.022294,0.00072265,0.022374,-0.0011146,-0.024494,-0.0051149,0.04791,-0.043504,-0.012808,0.068183,-0.078674,0.056207,-0.025188,0.010308,0.013442,-0.034099,0.034954,-0.031961,0.02562,-0.022149,0.015448,0.01641,-0.021666,-0.009312,0.0021221,-0.004583,0.0015821,0.0082272,-0.011627,0.013306,-0.022243,0.01987,0.0071355,-0.020471,-0.0045871,0.0083114,0.016145,-0.016016,-0.00056119,-0.0095733,0.026123,0.0021808,-0.01906,-0.0034536,0.028668,-0.040991,0.053548,-0.014845,-0.037024,0.026104,0.0169,-0.021866,0.019677,-0.023897,0.0416,-0.045182,0.033408,-0.016094,0.013024,-0.0050593
0.017315,0.0081687,-0.043229,0.028112,0.015943,-0.010435,-0.023637,0.038277,-0.0069372,-0.054186,0.071857,-0.051813,0.039257,-0.015916,-0.013786,0.024063,-0.021151,0.014924,-0.013853,0.029146,-0.029167,-0.011072,0.043377,-0.039372,0.040759,-0.019081,-0.0036227,-0.0048868,0.0025723,0.00028029,0.021619,-0.049109,0.032625,0.0084655,-0.013154,0.0060162,-0.025663,0.01821,0.013887,-0.018468,0.0053887,-0.033343,0.048631,-0.021878,-0.0072569,0.035713,-0.056234,0.0083457,0.041707,-0.037175,-0.0047684,0.037576,-0.030521,0.014788,-0.025726,0.023795,-0.018798,0.021187,-0.019068,0.011303
-0.016676,-0.028325,0.073567,-0.038668,-0.014768,0.021293,-0.0071508,-0.006735,0.0046304,0.031284,-0.037886,0.0064794,-0.0095301,-0.0036344,0.040487,-0.026061,0.0053457,0.0088931,-0.0066275,-0.031996,0.042596,0.0015903,-0.03147,0.050467,-0.056877,0.018624,0.0025238,0.013041,8.2048e-05,-0.01731,0.0021902,0.028801,-0.037983,0.016368,0.014872,-0.022152,0.017842,0.0021342,-0.042096,0.045723,-0.024331,0.031157,-0.043909,0.039701,-0.05188,0.049939,-0.039473,0.068618,-0.069025,0.042534,-0.017882,-0.018827,0.025954,-0.0010444,0.017886,-0.02817,0.020948,-0.023698,0.019473,-0.010859
0.034734,0.018763,-0.08158,0.050526,0.010125,-0.021285,0.023491,-0.02135,0.0030262,-0.0068357,-0.0012423,0.030368,-0.012739,0.0046518,-0.030278,0.014519,0.0092949,-0.022484,0.01974,0.030653,-0.052465,0.015041,0.0073845,-0.014756,0.016502,0.014094,-0.011531,-0.023537,0.0036864,0.022213,-0.012574,0.00079989,0.014924,-0.027185,0.0041359,0.025556,-0.024042,0.015124,-0.0030139,-0.00079557,-0.001105,-0.0067769,0.027253,-0.037363,0.041693,-0.059794,0.071625,-0.061421,0.015192,-0.0087437,0.027363,-0.017607,0.0051523,-0.0097991,-0.011372,0.045492,-0.038864,0.013643,0.010024,-0.026251
-0.044906,-0.028631,0.084955,-0.066963,0.013416,0.01105,-0.031151,0.037133,-0.0061117,-0.022675,0.037299,-0.041289,-0.0086422,0.032823,-0.01167,0.0061918,-0.0093591,0.01573,-0.017115,-0.014461,0.037685,-0.026463,0.018784,-0.0098432,0.02341,-0.049586,0.02929,0.019932,-0.014859,-0.0046139,-0.0001943,0.00039118,-0.002365,0.0058135,0.0081192,-0.029364,0.029252,-0.024051,0.047441,-0.062118,0.036738,-0.020066,0.0037909,0.010483,0.019881,-0.012711,-0.035104,0.030292,0.0045012,0.01163,-0.040007,0.032644,-0.019809,0.0085929,0.0083127,-0.038356,0.047422,-0.012669,-0.016022,0.048171
0.037322,0.034769,-0.086584,0.067426,-0.021316,-0.0092575,0.039395,-0.047516,0.0080255,0.038111,-0.055313,0.039512,0.016234,-0.049558,0.03121,-0.011596,-0.0030327,-0.006639,0.010527,0.0041859,-0.0098658,0.0079657,-0.010503,-0.017323,0.018267,0.0092568,0.0017219,-0.025524,0.026748,-0.024127,0.01669,0.0047795,-0.014645,0.028515,-0.042077,0.027207,0.0019954,-0.01188,-0.022251,0.058193,-0.040389,0.02015,-0.0068757,-0.0066423,-0.021381,0.023287,0.0072968,0.024185,-0.034693,-0.020924,0.048144,-0.046392,0.037293,-0.022282,-0.010896,0.040406,-0.047908,0.019274,-0.0029214,-0.01778
-0.01829,-0.025304,0.062169,-0.046656,0.017062,-8.7239e-05,-0.011763,0.027725,-0.0060445,-0.031674,0.042813,-0.025756,0.0036011,0.010308,-0.0054276,-0.0019052,0.010612,-0.00028503,-0.01207,0.0026959,-0.0043022,0.01082,-0.016164,0.054704,-0.059481,0.028089,-0.019902,0.01719,-0.020149,0.037355,-0.027628,-0.00024261,0.020226,-0.030128,0.032135,-0.008685,-0.029665,0.019552,0.031457,-0.056082,0.039357,-0.017274,-0.011293,0.023062,0.0020199,-0.0056877,-0.0031715,-0.048508,0.073752,-0.002728,-0.041977,0.053224,-0.051604,0.040374,0.0044532,-0.058821,0.062413,-0.02939,0.004025,-0.0030489
0.025544,0.019148,-0.055408,0.044613,-0.024292,0.0045854,-0.0032189,-0.010006,0.01316,0.013945,-0.025917,0.019536,-0.027588,0.033859,-0.021187,-0.0016518,0.00069195,-0.0044566,0.0083866,0.0056739,-0.0030498,-0.0050016,0.0013033,-0.043017,0.04656,-0.017836,0.012282,-0.00052395,0.0080747,-0.034651,0.029035,-0.016113,0.0066265,-0.0028794,0.01358,-0.019161,0.035042,-0.010078,-0.046152,0.056116,-0.045577,0.05479,-0.048819,0.027085,-0.013263,0.0026463,0.0071152,0.012032,-0.044067,0.022127,0.028367,-0.056519,0.049487,-0.025582,-0.0066119,0.046676,-0.042392,0.0057192,0.026333,-0.025119
-0.010092,-0.014809,0.032921,-0.02672,0.028231,-0.015883,0.0015274,0.011356,-0.018917,-0.013704,0.041695,-0.042125,0.041025,-0.025754,0.0046119,0.029962,-0.020821,-0.0015862,-0.0035979,-0.019716,0.029427,-0.011608,0.0148,0.01521,-0.033854,0.012172,-0.0079757,-0.016306,0.02502,0.0052106,-0.021289,0.039376,-0.051313,0.048589,-0.048387,0.028299,-0.01526,-0.0092654,0.045697,-0.047413,0.046617,-0.072606,0.095376,-0.083652,0.032329,-0.0064666,-0.0037173,0.0061248,0.0087409,-0.016871,-0.0068563,0.041742,-0.033753,-0.010242,0.038472,-0.034067,0.013166,0.016935,-0.029828,0.019825
-0.033183,0.054406,-0.06063,0.047293,-0.050443,0.04288,0.00081385,-0.034442,0.047874,-0.0029289,-0.047289,0.057925,-0.045273,0.0067007,0.019377,-0.035068,0.026441,0.0042858,0.014723,-0.006122,-0.023486,0.01468,-0.015459,0.0086914,0.013295,-0.0050394,0.00080327,0.013245,-0.023959,-6.0839e-06,0.030653,-0.050038,0.050723,-0.043628,0.039501,-0.012353,-0.010804,0.026828,-0.039731,0.024302,-0.0053474,0.0098159,-0.029312,0.043274,-0.024018,0.0066807,0.021025,-0.05094,0.04146,-0.017732,-0.0088256,0.011387,-0.01426,0.048169,-0.056643,0.027457,-0.01696,0.0059927,-0.00377,0.0069886
0.0098553,-0.051366,0.081073,-0.081462,0.067458,-0.049541,-0.0085323,0.051758,-0.078872,0.035605,0.037712,-0.061215,0.048196,-0.0076928,-0.031363,0.043958,-0.040318,0.013562,-0.027537,0.028913,0.013455,-0.016886,0.013994,-0.031785,0.010582,0.0059067,-0.018217,0.020136,-0.012599,0.017308,-0.024387,0.022853,0.0051729,-0.026907,0.013589,-0.012921,0.021387,-0.008563,0.0027926,0.010475,-0.034765,0.042332,-0.02628,0.013202,0.0057609,-0.011023,-0.014684,0.034426,-0.040299,0.035016,-0.00040139,-0.020154,0.017392,-0.049027,0.051069,-0.01039,0.014824,-0.012725,-0.0016489,0.021793
0.023536,-0.0029965,-0.035497,0.059904,-0.048392,0.016004,0.030285,-0.041274,0.049477,-0.022722,-0.043334,0.044121,-0.0062893,-0.020769,0.04041,-0.039294,0.032502,-0.021643,0.036086,-0.044435,0.0054111,0.0053091,0.0036901,0.027886,-0.022095,0.0050779,0.021554,-0.047726,0.032568,-0.013041,0.01058,0.0020801,-0.026157,0.052069,-0.039242,0.016917,-0.014426,-0.0019267,0.00077262,-0.0026117,0.029391,-0.041585,0.025513,-0.011939,-0.018113,0.032637,-0.011856,0.017693,-0.0067463,-0.019751,0.0019692,0.014196,-0.0045948,0.031899,-0.03283,-0.0046501,0.0076876,-0.012916,0.042548,-0.060922
0.010278,-0.01924,0.021322,-0.040805,0.037242,-0.0010561,-0.029044,0.016247,-0.0078064,-0.00034623,0.038439,-0.022796,-0.036317,0.055349,-0.039985,0.011755,0.0055841,-0.0087549,-0.028957,0.058478,-0.030785,0.0023545,-0.0088262,-0.011409,0.004157,-0.010652,0.013705,0.022642,-0.031509,-0.00047808,0.0053085,-0.0010939,0.0051252,-0.014016,0.012337,-0.0013811,-0.0024983,0.0091373,0.017963,-0.039724,0.0039935,0.031458,-0.033187,0.016407,0.017815,-0.021849,0.016526,-0.039127,0.023926,0.008163,0.0071901,-0.027382,0.033303,-0.055041,0.040141,-0.0088212,0.010967,-0.0051155,-0.029937,0.050626
-0.037336,0.060826,-0.058055,0.046625,-0.026994,-0.026832,0.051105,-0.025869,0.0047452,0.0068314,-0.02345,0.0079848,0.035714,-0.055794,0.043103,-0.013137,-0.01317,0.039009,-0.016307,-0.02274,0.02601,-0.0072735,-0.00017385,0.0031323,0.013196,-0.012812,-0.0095634,-0.0059169,0.036199,-0.030599,0.021107,-0.020034,0.025869,-0.023414,-0.0011946,0.020845,-0.0093561,-0.0020304,-0.018569,0.039025,-0.016792,-0.025927,0.047858,-0.03466,-0.0093961,0.018848,-0.026777,0.060283,-0.053518,0.027516,-0.032243,0.025569,-0.03695,0.077475,-0.058822,0.021204,-0.018921,0.019377,0.0014977,-0.0063269
0.025192,-0.026293,0.031654,-0.025888,0.0073727,0.028763,-0.031528,0.0040879,0.011811,-0.023503,0.0238,-0.0010052,-0.020321,0.032667,-0.024363,0.0065363,0.0111,-0.050105,0.048551,-0.0019321,-0.018087,0.014705,-0.0097699,0.02136,-0.035456,0.034393,-0.015546,-0.00089592,-0.0065418,0.0066079,0.0057091,-0.021359,0.0043131,0.028286,-0.0064717,-0.041733,0.029284,-0.0043193,0.0126,-0.023552,0.017248,0.0072144,-0.034521,0.036927,-0.0076891,-0.017045,0.02893,-0.040652,0.022191,0.0058322,0.0088854,-0.021519,0.029756,-0.076611,0.081041,-0.041024,0.028502,-0.029091,0.012731,-0.011227
-0.016363,0.027093,-0.044101,0.054568,-0.029061,-0.025375,0.030977,-0.0093076,0.0070056,-0.012171,0.023613,-0.036729,0.021396,-0.0034663,-0.011802,0.016338,-0.003399,0.01328,-0.037952,0.017535,0.022757,-0.029791,0.020163,-0.032127,0.035359,-0.034799,0.022269,0.0059241,-0.0036159,-0.013042,0.0095414,0.026616,-0.021965,-0.027835,0.028961,0.019273,-0.029506,0.015656,3.577e-05,-0.00082899,-0.0046983,0.010782,-0.011593,0.0021331,0.0031561,0.0099917,-0.005363,0.0077267,-0.020382,0.0011738,0.0076506,0.0065596,-0.030925,0.055019,-0.062637,0.031027,0.00087646,-0.0089425,0.0056246,0.0076955
