0.022896,-0.023069,0.044015,-0.037793,0.021867,-0.041469,0.046602,0.0017438,-0.040975,0.041999,-0.032017,0.01944,0.0047519,-0.0089752,0.0094213,0.0078424,-0.040224,0.042136,-0.0019919,-0.034472,0.039372,-0.016139,-0.01088,0.021664,-0.020929,0.0088641,-0.006683,0.021349,-0.031615,0.012571,-0.0083508,0.020823,0.012572,-0.024683,0.0095363,-0.0048948,-0.013467,0.022,-0.012052,0.00010299,0.01208,-0.0083653,-0.0075113,0.0083852,-0.01036,0.0027015,0.016881,-0.0023033,-0.01394,0.013402,0.0011988,-0.016262,0.016657,-0.049448,0.084302,-0.056962,0.016701,-0.020923,0.013053,-0.010232
-0.015214,-0.020323,-0.004752,0.015114,-0.032234,0.066411,-0.060631,0.0057545,0.029535,-0.033064,0.028115,-0.02251,0.0080963,0.0046116,-0.014148,-0.0087383,0.040557,-0.041378,-0.010703,0.062016,-0.04721,-0.0071647,0.030664,-0.025919,0.021402,-0.020102,0.02441,-0.038755,0.031596,0.011577,-0.031754,0.03317,-0.056957,0.042652,-0.0045829,-0.012851,0.042867,-0.055556,0.025134,-0.011122,0.0043825,-0.0034185,0.031644,-0.043707,0.028888,0.0059839,-0.025027,0.0022239,0.010884,-0.01937,0.018227,0.00043889,-0.0019584,0.05338,-0.11616,0.057606,0.0035724,0.019026,0.0048029,-0.0089342
0.033237,0.012846,0.011543,-0.007976,0.010445,-0.019613,0.0056472,0.021434,-0.02539,0.03143,-0.03123,0.025714,-0.018152,-0.0028909,0.015372,-0.0083058,-0.0046258,0.0037896,0.04238,-0.066339,0.041631,-0.015446,-0.00049121,0.019808,-0.044948,0.077129,-0.081698,0.060579,-0.02655,-0.0060084,0.035688,-0.063686,0.071391,-0.046205,0.0080256,0.01875,-0.05416,0.064125,-0.03203,0.0095164,-0.0035571,-0.0018142,-0.0046714,0.007591,-0.0078785,-0.014649,0.03835,-0.042838,0.020386,-0.00031572,0.003252,-0.016324,-0.0069386,-0.035911,0.070194,-0.00011671,-0.040827,0.0061237,-0.039285,0.029296
-0.050872,-0.0071772,0.0074821,-0.02171,0.0099889,-0.016546,0.024542,-0.010025,0.00079828,-0.024396,0.012127,0.0043371,-0.01103,0.0036766,0.0045228,0.0028514,-0.0048548,0.019044,-0.063048,0.067113,-0.030543,0.008802,0.0090524,-0.028345,0.053316,-0.0734,0.051966,-0.023231,0.016483,-0.005605,-0.042312,0.077616,-0.073393,0.057419,-0.020684,-0.035803,0.062661,-0.048638,0.00085108,0.011521,0.021721,-0.028385,0.0062269,-0.018766,0.038355,-0.01881,-0.015273,0.028168,-0.0029496,0.0043303,-0.01551,0.014723,-0.0038717,0.019637,-0.0079992,-0.019141,0.039237,-0.022384,0.04331,-0.0032361
0.042727,-0.0017826,-0.020597,0.039687,-0.045582,0.051216,-0.035657,-0.0017634,-0.0035536,0.022209,0.010343,-0.040081,0.024968,0.013869,-0.021343,0.002846,-0.003682,-0.021324,0.073516,-0.054921,0.0049004,-0.0037002,0.0026924,0.0044916,-0.019431,0.031385,-0.038753,0.029761,-0.027794,0.017692,0.011257,-0.041609,0.043563,-0.046836,0.0068164,0.048764,-0.056787,0.029903,-0.0095167,0.021123,-0.053792,0.036874,-0.0054159,0.031555,-0.062052,0.051053,-0.011215,-0.017146,0.020427,-0.034537,0.035096,-0.025258,0.0029271,0.02497,-0.032122,0.013903,-0.0083356,-0.014884,0.037355,-0.051599
-0.014214,0.0050665,0.026267,-0.052788,0.058269,-0.051631,0.02468,0.003238,0.017841,-0.035095,-0.007619,0.035783,-0.027154,-0.0035651,0.0093843,-0.00020062,0.001546,0.043344,-0.08445,0.034338,0.01873,-0.023494,0.0093313,0.0032472,0.0063425,-0.039632,0.043337,-0.0054086,-0.013018,0.0081923,-0.019534,0.022519,-0.012393,0.016525,-0.0029692,-0.026662,0.02203,-0.0018342,-0.012003,0.01264,0.0059548,0.00091024,-0.011763,-0.015128,0.053475,-0.049355,0.016722,-0.0089068,0.0053583,0.006078,-0.019834,0.013931,0.0026232,-0.028479,0.029567,0.0091636,-0.044405,0.050817,-0.075528,0.04536
-0.019999,0.01106,-0.032606,0.049098,-0.060012,0.037564,0.0033213,-0.027216,-0.004673,0.013267,0.018498,-0.043384,0.048201,-0.023182,0.0084551,-0.003833,-0.0014769,-0.023017,0.029378,-0.00084582,-0.031253,0.02833,-0.0036746,-0.0062928,-0.031957,0.063337,-0.048828,0.0055606,0.0092959,-0.013809,0.025866,-0.021811,0.02587,-0.050585,0.046566,-0.0052559,-0.0192,0.010564,0.033124,-0.058401,0.053895,-0.044898,0.021274,0.023383,-0.060381,0.051353,-0.035738,0.03385,-0.01288,-0.0078186,0.023666,-0.015166,0.002732,0.022884,-0.02409,-0.0045902,0.022793,-0.010252,0.042849,-0.024285
0.020761,0.0018929,-0.0060734,-0.0031117,0.0090111,0.020748,-0.052583,0.05299,-0.010485,-0.0056298,-0.0063915,0.036334,-0.061623,0.06015,-0.032658,-0.0036298,0.027961,-0.028553,0.0071413,0.014197,-0.0069271,0.0055124,-0.019711,0.018865,0.020508,-0.037552,0.026336,0.010941,-0.016385,0.012918,-0.0075768,-0.00217,-0.015837,0.05317,-0.049157,0.017328,0.019136,-0.01302,-0.038555,0.05404,-0.042336,0.027398,-0.009583,0.00075166,0.012289,-0.024739,0.021118,-0.019896,-0.0064121,0.028498,-0.027127,0.0084408,0.0083426,-0.035098,0.036337,-0.023793,-0.010971,0.013163,-0.055091,0.040365
0.020499,-0.044166,0.040107,-0.024792,0.020232,-0.042792,0.053844,-0.032711,-0.010419,0.026973,-0.02886,0.0093859,0.02911,-0.055678,0.030275,0.004086,-0.011167,0.012075,-0.0013859,-0.027028,0.040816,-0.03609,0.046314,-0.042179,0.011705,0.0055271,0.011295,-0.057782,0.066337,-0.045367,0.014865,0.015477,-0.012978,-0.005609,0.012923,-0.014896,-0.011301,0.0058957,0.022678,-0.0002083,-0.026123,0.015725,0.015438,-0.032595,-0.0019768,0.034988,-0.039315,0.050514,-0.012363,-0.006131,-0.012101,0.027382,-0.04043,0.05118,-0.041714,0.025493,0.022038,-0.040301,0.08101,-0.064476
-0.045842,0.041079,-0.010755,-0.0047866,0.0029895,0.0096184,-0.0076205,-0.0011621,-6.7135e-06,0.006834,0.011696,-0.0074245,-0.031359,0.055135,-0.023217,-0.0012944,-0.0083121,0.00084909,0.0068854,0.038136,-0.062621,0.047017,-0.045347,0.04914,-0.031991,0.010169,-0.027117,0.070366,-0.071126,0.042883,-0.010716,-0.019405,0.022924,-0.019096,0.0086298,-0.0044207,0.017186,-0.0034236,-0.011641,-0.027017,0.055381,-0.038211,0.00031593,-0.0017305,0.043205,-0.059331,0.049677,-0.035123,-0.003803,-0.00061895,0.035453,-0.050737,0.05161,-0.061922,0.054608,-0.03121,-0.025417,0.053831,-0.066587,0.041164
0.060013,-0.031757,0.014058,-0.0062733,0.017784,-0.028185,0.028394,-0.023324,0.03113,-0.021891,0.010643,-0.025073,0.052777,-0.054747,0.026,0.0052053,-0.0090039,0.031071,-0.039779,-0.0026525,0.031404,-0.026885,0.043238,-0.06705,0.047717,-0.011461,0.018788,-0.039839,0.03352,-0.007225,-0.018485,0.021851,-0.0062009,0.0058017,-0.0062781,0.015633,-0.026208,0.015939,-0.010236,0.045936,-0.063356,0.04994,-0.017463,0.031749,-0.061015,0.056342,-0.01566,-0.013971,0.027889,-0.00085162,-0.040213,0.037253,-0.045888,0.065359,-0.0444,0.016342,0.014199,-0.01626,-0.0042375,0.0069784
-0.054255,0.046064,-0.049775,0.035346,-0.048124,0.056947,-0.059924,0.050528,-0.042141,0.043525,-0.058016,0.04522,-0.031991,0.030294,-0.016948,-0.017007,0.032342,-0.049542,0.060176,-0.03681,0.0098885,0.0076831,-0.03487,0.053157,-0.031071,0.017084,-0.038952,0.047934,-0.029569,0.0036349,0.017101,-0.0051343,-0.018641,0.02099,-0.015853,-0.0048002,0.031874,-0.029182,0.028869,-0.037639,0.03268,-0.026684,0.022874,-0.045934,0.065822,-0.044336,-0.011301,0.046016,-0.032226,-0.018327,0.042028,-0.030321,0.051941,-0.046642,0.011565,0.013806,-0.014531,0.001098,0.037238,-0.017063
0.025317,-0.058041,0.054917,-0.032207,0.028748,-0.034195,0.045125,-0.04251,0.0449,-0.085787,0.1081,-0.059976,0.028282,-0.025889,0.0022565,0.034915,-0.043446,0.035279,-0.031588,0.031794,-0.017408,0.0012338,0.0078204,-0.029742,0.043599,-0.066165,0.07673,-0.043633,0.018363,-0.0018368,-0.019135,-0.0033946,0.029117,-0.018239,0.012576,0.0092357,-0.033967,0.019798,-0.0070279,-0.0017296,0.0045932,0.01017,-0.02002,0.025218,-0.022869,-0.0037454,0.045602,-0.063798,0.013359,0.030628,-0.019965,0.016276,-0.050419,0.049485,-0.015283,-0.01216,0.020629,-0.0074926,-0.024706,0.015022
-0.0044117,0.057094,-0.038963,0.014132,0.0055754,-0.0025198,-0.02652,0.055538,-0.058877,0.090559,-0.089497,0.032754,-0.016626,0.026519,-0.0019347,-0.020244,0.025489,-0.0090601,0.012555,-0.036732,0.041323,-0.043073,0.034762,0.0054115,-0.039977,0.061407,-0.048345,0.027024,-0.030039,0.017454,-0.013059,0.047235,-0.042867,0.014697,-0.015727,-0.0087307,0.021318,0.0031102,-0.011123,0.0055369,-0.006726,0.0050129,-0.011936,0.021966,-0.040994,0.048361,-0.05314,0.03622,0.020296,-0.043344,0.02471,-0.026719,0.050372,-0.044026,0.013952,0.0076292,-0.014771,-0.0027574,0.0028072,-0.0091572
-0.00040206,-0.054088,0.0375,-0.012775,-0.03702,0.051247,0.0037177,-0.052737,0.04264,-0.059752,0.050508,-0.0060624,0.0073472,-0.031237,0.012935,0.0053573,-0.014306,-0.0030057,0.0081247,0.011386,-0.02953,0.034956,-0.039426,0.024449,-0.0014995,-0.0040835,0.0060841,-0.027766,0.038033,-0.030542,0.045776,-0.075156,0.056948,-0.037217,0.024469,0.0067747,-0.0066736,-0.019115,0.01693,-0.023234,0.046634,-0.069126,0.076994,-0.06929,0.066975,-0.052769,0.043748,-0.037663,0.011627,0.018495,-0.020122,0.026335,-0.031041,0.032571,-0.014357,0.0033216,-0.0061426,0.005014,0.024653,-0.0027234
0.038541,0.0099783,-0.018501,0.021344,0.015315,-0.017866,-0.027056,0.044905,-0.011619,0.011114,-0.012318,0.0048384,-0.038319,0.068069,-0.025299,-0.018568,0.025421,0.013719,-0.052742,0.049955,-0.047642,0.037916,0.0032836,-0.011221,0.00045858,-0.011791,0.0003819,0.023661,-0.027256,0.015907,-0.024714,0.047798,-0.032393,0.0027995,0.01986,-0.037653,0.0068835,0.037589,-0.043534,0.036856,-0.029302,0.053257,-0.06948,0.04351,-0.026942,0.025315,-0.025412,0.035292,-0.023758,0.0037161,-0.0024848,0.003082,0.00015148,-0.035425,0.044999,-0.048431,0.048505,-0.031434,-0.00085694,-0.022554
-0.060188,0.023833,-0.0082795,-0.013476,0.011728,-0.029771,0.054126,-0.059287,0.020159,-0.012381,0.013028,-0.016478,0.049272,-0.068671,0.019322,0.015798,-0.0091261,-0.029675,0.04978,-0.048148,0.061019,-0.040126,-0.0016849,-0.003966,0.0093208,0.012548,-0.015243,-0.0004047,0.002016,0.015692,-0.011777,-0.0094988,-0.0056795,0.023528,-0.041203,0.055067,-0.0031995,-0.056236,0.042766,0.020537,-0.060674,0.02854,-0.0060949,0.029847,-0.023931,0.0026709,0.017068,-0.032703,0.032227,-0.024574,0.010477,-0.003489,-0.009639,0.065159,-0.083465,0.087654,-0.10018,0.08175,-0.039492,0.051965
0.0084212,-0.00072427,0.00241,-0.010707,0.011772,-0.014856,0.010114,0.0010691,-0.012456,0.034093,-0.039223,0.026025,-0.033212,0.024083,0.010769,-0.017654,-0.01729,0.054576,-0.051753,0.02297,0.0033771,-0.050322,0.064634,-0.028725,0.00039395,-0.0065141,0.0049517,0.001381,0.0045831,-0.017831,0.017147,-0.016487,0.012585,-0.012312,0.040381,-0.051559,-0.014597,0.072909,-0.046521,-0.031046,0.068588,-0.043496,0.016675,-0.015124,0.02369,-0.021532,-0.010222,0.018331,-0.025684,0.027712,-0.0098532,-0.00041159,0.020621,-0.07309,0.07274,-0.078512,0.09352,-0.061914,0.025153,-0.029624
0.035667,-0.03035,0.00020437,0.042279,-0.044039,0.055081,-0.072833,0.070149,-0.044428,0.013409,0.013757,-0.020553,0.028087,-0.0083832,-0.018419,0.02308,0.0075701,-0.031308,0.021907,0.0073453,-0.032737,0.058144,-0.049033,0.025096,-0.01324,0.0072207,-0.0014694,0.0048603,0.0042081,-0.015244,0.010929,-0.0025152,0.014163,-0.0030786,-0.027248,0.029208,0.011453,-0.047779,0.03343,0.016278,-0.027498,-0.0049847,0.032698,-0.020137,-0.028067,0.04436,-0.030928,0.025482,-0.0078327,-0.0040977,0.010117,-0.01596,-8.3582e-05,0.0063079,-0.0017241,0.024122,-0.036898,0.0099222,-0.0034895,-0.0040209
-0.049462,0.046685,0.0086335,-0.057842,0.041846,-0.039901,0.052506,-0.049305,0.035076,-0.0037316,-0.022133,0.020912,-0.029278,0.024134,-0.010725,0.0050452,0.0006722,-0.008216,0.012383,-0.010512,0.0059835,0.0023308,-0.011381,-0.0049954,0.016544,-0.0097778,0.018773,-0.022054,-0.0042637,0.027132,-0.031675,0.023124,-0.029904,0.033966,-0.036766,0.037103,-0.024931,0.0053779,0.015286,-0.029116,-0.004175,0.047239,-0.05857,0.056538,-0.02815,-0.017561,0.026064,-0.013744,0.01956,-0.018069,0.00085992,0.0010246,-0.021938,0.051498,-0.033823,0.011477,-0.024648,0.03536,-0.011093,0.012012
0.053836,-0.044516,-0.00069467,0.036047,-0.017806,0.013932,-0.0054082,-0.0053194,0.026752,-0.051854,0.050492,-0.026118,0.033063,-0.032373,0.033312,-0.042549,0.030076,-0.0073124,0.0061617,-0.013832,0.0063696,-0.0077477,0.017249,-0.013287,0.006837,0.0097705,-0.033971,0.029109,-0.00091054,-0.013018,0.031785,-0.03269,0.027694,-0.035019,0.064203,-0.079872,0.032121,0.033444,-0.060345,0.048486,0.0037566,-0.035374,0.044409,-0.063479,0.039392,0.019645,-0.032858,0.028496,-0.036924,0.036007,-0.029136,0.014459,0.025521,-0.043281,0.019137,-0.033702,0.095516,-0.086172,0.035271,-0.026035
-0.022471,0.021358,-0.008933,-0.0086391,0.0084533,-0.0094662,0.0017071,0.012004,-0.026132,0.036132,-0.033288,0.019829,-0.026495,0.021198,-0.029624,0.064948,-0.047532,0.019076,-0.058605,0.09088,-0.052164,0.028678,-0.053504,0.057438,-0.014538,-0.030798,0.052879,-0.031336,0.012572,-0.0096557,-0.038987,0.052684,-0.014689,0.016962,-0.069241,0.086063,-0.026579,-0.043341,0.073889,-0.037758,-0.016183,0.01806,0.0076411,-0.0073521,0.012867,-0.040807,0.053855,-0.029364,0.017847,-0.025641,0.017945,0.0086498,-0.024841,0.023952,-0.0036776,0.065196,-0.15466,0.12814,-0.068073,0.041487
0.0027998,-0.0059784,0.009064,0.0022177,-0.0051138,0.0055537,-0.0076539,0.0040983,-0.0093021,-0.0080366,0.023139,-0.020234,0.012705,0.0041835,0.011897,-0.047774,0.031973,-0.079567,0.20097,-0.22538,0.12693,-0.070708,0.084849,-0.069383,0.02062,0.037704,-0.08488,0.061507,-0.025691,0.0054906,0.062083,-0.076403,0.025447,-0.032349,0.064998,-0.048942,0.023201,-0.0057598,0.0062498,-0.052146,0.068361,-0.006623,-0.034283,0.014766,0.00088922,0.013702,-0.025612,0.02181,-0.030265,0.033852,0.0042729,-0.038696,0.035963,-0.023777,0.0099609,-0.071544,0.15107,-0.13215,0.084404,-0.042791
-0.0097076,-0.0068011,0.005135,-0.0071817,-0.008241,0.010316,-0.0065001,-0.0035855,0.014918,-0.0028787,-0.0089265,0.014603,-0.0098199,-0.0036853,0.002679,0.00040375,-0.025905,0.13662,-0.23423,0.19712,-0.086508,0.033783,-0.049298,0.056382,-0.025136,-0.064925,0.13411,-0.058457,-0.019749,0.03059,-0.076108,0.080428,-0.038652,0.046741,-0.0042792,-0.063636,0.024061,0.055055,-0.084614,0.10804,-0.098096,0.010752,0.053171,-0.05959,0.043501,-0.014148,-0.0067752,-0.0012536,0.023707,-0.031902,-0.0080255,0.036256,-0.043143,0.053803,-0.038161,0.05225,-0.09594,0.080055,-0.050154,0.038849
0.016519,0.0068931,-0.0042619,0.0034439,0.0099208,-0.0097601,0.012908,-0.0060856,-0.0042743,0.003911,0.00090252,-0.010363,0.0078747,-0.0012232,-0.0092679,0.010082,0.014058,-0.048041,0.042081,-0.011348,-0.013863,0.006198,0.045429,-0.061419,0.025704,0.075085,-0.10817,-0.010228,0.060323,-0.026705,0.011838,0.021032,-0.0075066,-0.035325,-0.052276,0.11185,-0.035184,-0.03753,0.015653,-0.035017,0.085392,-0.011375,-0.080695,0.039757,0.033194,-0.071096,0.092593,-0.090118,0.042652,-0.0042924,0.016887,-0.026147,0.028575,-0.05141,0.031207,-0.013968,0.021967,-0.015094,0.014502,-0.039307
-0.013577,-0.0061996,0.0044127,0.0025465,-0.014117,0.0085202,-0.0093641,-0.0065631,0.0028498,0.0047678,-0.014351,0.010812,0.0019819,-0.013354,0.015883,-0.007893,-0.00084568,-0.019391,0.049372,-0.05569,0.058802,-0.031306,-0.020843,0.042522,-0.038173,-0.020394,0.02205,0.046905,-0.064217,0.034708,0.024219,-0.068916,0.0048488,0.026622,0.039387,-0.047545,-0.014418,0.025211,0.043868,-0.057879,0.021614,-0.085257,0.0922,0.10005,-0.26606,0.23595,-0.15314,0.10051,-0.011201,-0.05268,0.027309,-0.011949,0.0063141,0.01687,0.0048278,-0.033701,0.033917,-0.01001,-0.015118,0.031973
0.0082027,0.015901,-0.013131,-0.0032799,0.015972,-0.016043,0.0040859,0.013934,-0.0084516,-0.0012687,0.018323,-0.010315,-0.005153,0.023294,-0.031242,0.018379,0.0026054,0.0048025,-0.023271,0.049128,-0.06351,0.04458,-0.014412,-0.012199,0.019855,-0.00076761,-0.010802,-0.015938,0.061048,-0.069068,0.031417,-0.022335,0.049517,-0.038881,0.0045241,-0.026655,0.077735,-0.072279,-0.00024839,0.070391,-0.059696,0.066715,-0.038182,-0.30181,0.64762,-0.50105,0.22207,-0.10353,-0.048434,0.1399,-0.093852,0.053789,-0.017243,-0.0045052,-0.023089,0.054043,-0.064082,0.014208,0.0099033,-0.0079059
-0.014372,-0.023227,0.020738,-0.010192,-0.010238,0.013996,-0.0039264,-0.011513,0.020253,-0.0079182,-0.016361,0.016901,-0.0098747,-0.01467,0.035003,-0.025251,0.0045876,0.0075388,-0.0026771,-0.023267,0.040446,-0.044402,0.020259,-0.0032793,0.0017901,0.0089013,0.010063,-0.018827,-0.0070969,0.023931,-0.061316,0.078674,-0.037978,-0.0014818,0.0081833,0.050367,-0.099118,0.098512,-0.052784,-0.024364,-0.0050537,0.035102,-0.15041,0.74544,-1.1447,0.70919,-0.17692,-0.065577,0.22508,-0.22614,0.13874,-0.053294,-0.025711,0.026863,0.0054405,-0.044215,0.065857,-0.0062221,0.00065115,0.0061914
0.034128,0.0061066,-0.02297,0.033013,-0.010277,-0.012955,0.022131,-0.01074,-0.014237,0.019454,-0.0020991,-0.011453,0.025942,-0.012809,-0.014564,0.026271,-0.017782,-0.020312,0.045316,-0.03569,-0.0023625,0.034698,-0.020818,0.023048,-0.015796,-0.027222,-0.0026434,0.060752,-0.073582,0.04105,0.085284,-0.12314,0.029526,0.030928,-0.028549,-0.0058506,0.044071,-0.083378,0.074678,0.016034,-0.032582,0.00052617,0.17592,-0.64932,0.80001,-0.34603,-0.14392,0.3299,-0.25953,0.15921,-0.15903,0.079121,0.027194,-0.057401,0.061544,-0.0068435,-0.030394,0.0066881,-0.014571,-0.029803
-0.035577,0.023548,-0.00092038,-0.027144,0.02116,-0.0016063,-0.012847,0.026709,-0.0061133,-0.0085965,0.012099,-0.0041894,-0.020968,0.024385,-0.006681,-0.01121,0.020371,0.011117,-0.040764,0.049783,-0.024175,0.0019782,-0.0074102,-0.017276,0.021655,0.016246,0.014224,-0.057948,0.097402,-0.08223,-0.045986,0.046346,0.032688,-0.0096861,-0.017218,0.027401,-0.068781,0.08564,-0.048184,-0.025065,0.0097061,0.0084657,0.065516,-0.067147,-0.017387,-0.060256,0.3456,-0.38363,0.081885,0.027813,0.091233,-0.068463,-0.010562,0.057618,-0.078829,0.037376,-0.010643,-0.016459,0.030055,0.023251
0.02126,-0.0185,0.0089556,0.0071821,0.0022276,-0.003439,0.0026099,-0.012804,0.0035172,-0.0019104,0.0010824,-0.0055865,0.012406,-0.01119,0.0064237,0.0042098,-0.021418,0.00478,0.011769,-0.027079,0.021026,-0.015486,0.025316,-0.0087085,0.0079617,-0.021265,0.0036969,0.027495,-0.09547,0.10838,-0.075523,0.13214,-0.12692,0.025304,0.036346,-0.10384,0.13352,-0.076761,-0.0037886,0.040387,0.03277,-0.043663,-0.11279,0.1755,0.022944,-0.061568,-0.38716,0.6258,-0.28196,0.040202,-0.053645,-0.021427,0.069983,-0.060824,0.037868,-0.0036254,-0.00035255,0.02162,-0.035849,-0.00039333
-0.016717,-0.00066963,0.012155,-0.0073068,-0.015208,0.017586,-0.0070777,-0.0019326,0.011061,-0.010686,-0.002488,0.010516,-0.014774,0.011012,-0.0017141,-0.011,0.021316,-0.012697,0.0077707,0.0013642,0.0091226,-0.017175,0.0088344,0.0089859,-0.035026,0.038187,-0.01671,-0.023538,0.077579,-0.1031,0.12561,-0.15483,0.10767,-0.050658,-0.010894,0.087518,-0.095032,0.069234,-0.0010365,-0.064111,0.044897,-0.040926,0.094074,-0.11006,-0.090192,0.20318,0.27173,-0.63719,0.34849,-0.10016,0.064866,0.04001,-0.083342,0.063554,-0.021043,-0.02849,0.025639,-0.03074,0.041144,-0.0029444
0.017703,0.0055809,-0.0072029,0.0057034,0.0057749,-0.006754,-0.00093814,0.004774,-0.0058164,0.0050967,0.0070268,-0.010501,0.013429,-0.0057345,-0.0010453,0.0052242,-0.016318,0.043942,-0.05733,0.046517,-0.029762,0.019993,-0.015373,-0.0022412,0.040192,-0.048463,0.026922,-0.0050345,-0.0412,0.078224,-0.091543,0.10204,-0.08484,0.04962,0.027173,-0.059084,0.036423,-0.05278,0.027006,0.040681,-0.04443,0.069931,-0.21132,0.35729,-0.15491,-0.20077,0.054603,0.23723,-0.13952,0.018918,-0.0054486,-0.034908,0.027372,-0.0026465,-0.018311,0.032909,0.0027946,-0.014515,-0.0096928,0.0022729
0.0026392,-0.015165,-0.0001254,0.0096792,-0.018204,0.0057395,0.006215,-0.015483,0.011914,0.00072899,-0.015546,0.014392,-0.0015622,-0.010741,0.011682,-0.0029401,0.024591,-0.084363,0.11401,-0.096565,0.059349,-0.025727,0.026394,-0.026609,-0.027873,0.051588,-0.047029,0.054031,-0.028353,0.038318,-0.040942,-0.032379,0.07705,-0.013732,-0.075648,0.056068,0.014901,0.019488,-0.013085,-0.065439,0.02475,-0.00035417,0.14144,-0.29464,0.16725,0.16538,-0.10162,-0.2839,0.3459,-0.12253,-0.041103,0.082873,-0.022411,-0.05102,0.077792,-0.038578,-0.040147,0.080569,-0.03445,0.0070776
-0.017879,0.014719,-0.0048881,-0.013285,0.018418,-0.01141,-0.0034386,0.025157,-0.025439,0.0093861,0.0046064,-0.007022,-0.0047214,0.012672,-0.0089819,0.0030942,-0.02752,0.0849,-0.11031,0.099369,-0.072257,0.027731,-0.0267,0.025047,0.048489,-0.076651,0.069343,-0.080318,0.079387,-0.12627,0.11967,0.014694,-0.073277,-0.0096691,0.085944,-0.067235,0.044665,-0.098171,0.018694,0.11744,-0.044982,-0.044965,-0.014327,0.12376,-0.081086,-0.1104,-0.017555,0.45148,-0.52114,0.19759,0.048975,-0.10398,0.04566,0.048966,-0.078436,0.041012,0.018951,-0.068939,0.05551,-0.014347
0.031625,-0.021149,0.013046,0.011027,-0.018153,0.013033,0.0047602,-0.025952,0.025134,-0.0080703,-0.0018513,0.0064292,0.0096752,-0.017968,0.012202,-0.0038046,-0.0035,-0.019186,0.038405,-0.053401,0.048188,0.0020587,-0.023023,0.03845,-0.10279,0.1062,-0.080619,0.065165,-0.037893,0.064977,-0.034531,-0.084479,0.10938,-0.0364,-0.052069,0.12063,-0.17203,0.16713,-0.023678,-0.11006,0.071015,-0.0095693,0.024348,-0.076102,0.052484,0.0089425,0.16926,-0.48542,0.4616,-0.16194,-0.04155,0.092277,-0.061703,-0.0074341,0.040147,-0.048686,0.023653,0.040854,-0.066499,0.0089703
-0.043015,0.034753,-0.02217,-0.0067014,0.018423,-0.020159,0.0038014,0.020733,-0.025453,0.005379,0.011751,-0.017499,-0.0023079,0.01494,-0.02189,0.016357,0.0093436,-0.012777,0.002948,0.015636,-0.013228,-0.02248,0.042367,-0.055964,0.079922,-0.06412,0.036605,-0.00070031,-0.018719,-0.0081938,0.0044367,0.036498,-0.059085,0.041618,0.02471,-0.10239,0.12593,-0.079439,-0.0083438,0.093994,-0.11556,0.052408,-0.0022512,0.046442,-0.10172,0.21598,-0.42088,0.49585,-0.35405,0.1552,-0.011642,-0.051296,0.061815,-0.024101,-0.054256,0.10931,-0.084623,-0.0031851,0.055054,0.0037324
0.021861,-0.016852,0.010096,-0.0021887,-0.0086712,0.01871,-0.010144,-0.018717,0.034156,-0.010741,-0.012758,0.020119,-0.019442,0.006065,0.016152,-0.02447,0.0062698,0.013112,-0.020719,0.0069519,0.0041316,-0.010653,-0.009056,0.027083,-0.033498,0.029845,-0.0084705,-0.01543,0.011199,0.0081976,-0.037098,0.040426,-0.01063,-0.017218,0.0087647,0.028532,-0.047593,0.035863,-0.026273,-0.043459,0.10621,-0.043688,0.0026831,-0.042343,0.08514,-0.21053,0.29871,-0.22896,0.18562,-0.1448,0.04626,0.028702,-0.080063,0.043434,0.090038,-0.17076,0.16,-0.0759,0.0085945,-0.013945
-0.0019817,-0.0071364,0.012996,-0.0086401,0.018355,-0.030671,0.018142,0.023647,-0.039037,0.00082151,0.019776,-0.018768,0.015992,0.013048,-0.042618,0.039363,-0.020625,-0.012879,0.026268,-0.012564,-0.0086808,0.026518,-0.0030925,-0.018557,0.028469,-0.029796,0.014348,-0.0012681,-0.00023739,-0.0058686,0.025714,-0.037346,0.023894,0.01357,-0.031517,-0.0034022,0.026148,-0.031034,0.040903,0.035746,-0.10952,0.075373,-0.016694,-0.04691,0.068123,0.030884,-0.10892,0.13756,-0.18819,0.14905,-0.04594,-0.042955,0.10995,-0.076972,-0.04248,0.12744,-0.14576,0.099466,-0.048835,0.009619
-0.0053192,0.01766,-0.026686,0.031005,-0.040323,0.039044,-0.0063772,-0.036575,0.028466,0.01946,-0.031733,0.012927,0.0038081,-0.04098,0.059137,-0.046619,0.042613,-0.016499,0.00051998,-0.0070478,0.013185,-0.016445,0.008677,0.0094584,-0.01761,0.019492,-0.0059699,-0.0090618,0.0060816,-0.0011808,0.0041397,0.010839,-0.022669,0.0067097,0.013994,0.0063511,-0.0087395,0.0062563,0.0053255,-0.065751,0.11318,-0.074601,-0.014345,0.10532,-0.072468,-0.068358,0.1615,-0.16991,0.15367,-0.098071,0.032602,0.02506,-0.066002,0.0558,0.0063558,-0.053865,0.060148,-0.047433,0.027826,0.0084915
0.0093645,-0.023354,0.037912,-0.047515,0.04236,-0.02811,-0.0025271,0.017319,-0.00020438,-0.035674,0.035626,-0.0060671,-0.0084811,0.0236,-0.026381,0.016265,-0.021075,0.0074114,0.0031731,0.012715,-0.019194,0.030211,-0.041004,0.027015,-0.00021195,-0.018166,0.0081281,0.01299,-0.016841,0.030218,-0.040072,0.013462,0.022154,-0.015488,-0.0064896,-0.011558,0.020834,-0.015579,0.0065227,0.014543,-0.031433,0.018955,0.018625,-0.057103,0.0064321,0.069125,-0.046462,0.00034639,-0.037019,0.056561,-0.033385,0.0067817,0.0097757,-0.0085618,-0.013468,0.017768,-0.010294,0.01752,-0.0081634,-0.014031
0.0060038,0.028312,-0.048829,0.041755,-0.023013,0.014373,-0.017429,0.021079,-0.025791,0.042731,-0.026204,-0.0080826,0.014587,-0.012789,0.01555,-0.0059406,0.0048214,0.011567,-0.032435,0.013009,0.018456,-0.042977,0.074634,-0.079939,0.037973,0.01168,-0.015359,-0.017093,0.037769,-0.045206,0.024736,0.023124,-0.047326,0.020481,0.010035,-0.015701,0.0094178,-0.0052363,-0.013533,0.043257,-0.0534,0.030937,-0.0047684,0.011709,-0.019063,0.02763,-0.081086,0.07155,0.026316,-0.06476,0.037159,-0.011797,-0.0031332,0.0012024,7.7453e-05,0.007026,0.0096697,-0.042184,0.034117,-0.017469
0.0012231,-0.04281,0.039237,-0.0058532,-0.013491,-4.3566e-05,0.025703,-0.0308,0.0272,-0.023519,-0.0076767,0.033717,-0.029284,0.011055,-0.0087412,0.010161,-0.012871,-0.0091281,0.040324,-0.024119,-0.0057469,0.011261,-0.04693,0.075688,-0.032528,-0.027896,0.018051,0.018921,-0.034783,0.028688,0.0068946,-0.047713,0.043087,-0.01739,-0.011319,0.02738,-0.027197,0.036054,-0.0079646,-0.05864,0.094936,-0.070737,0.017275,0.0014052,0.009234,-0.00021904,0.019201,-0.029474,-0.011616,0.025365,-0.003169,-0.0065906,0.0042134,0.0025767,0.0091041,-0.019468,-0.0064671,0.040211,-0.033936,0.025001
-0.018249,0.033085,-0.010026,-0.018594,0.012906,0.0071484,-0.028976,0.019973,0.0036881,-0.029363,0.050824,-0.052467,0.0298,0.0071433,-0.019718,0.0094883,-0.017925,0.035902,-0.042082,0.0080383,0.016133,0.0086398,-0.0034371,-0.018828,-0.017064,0.049949,-0.019529,-0.013388,0.033495,-0.022595,-0.0077403,0.024164,-0.0055236,-0.0045275,0.0035281,-0.00045009,0.0041165,-0.016485,0.0017332,0.041067,-0.059254,0.059706,-0.035749,0.0031736,-0.00048804,-0.0088701,0.01787,-0.011759,0.018363,-0.014439,-0.0093998,0.021341,-0.018395,0.011488,-0.018541,0.034806,-0.018474,-0.0097269,0.012119,0.003326
0.0068468,-0.0026167,-0.016441,0.017654,0.0050231,-0.026126,0.043035,-0.024957,-0.021582,0.058763,-0.070451,0.057544,-0.032298,-0.0024263,0.01226,-0.010501,0.037819,-0.053929,0.039003,-0.00031902,-0.013134,-0.011246,0.0053245,0.025738,-0.0026881,-0.022153,0.009098,0.015851,-0.028685,0.012602,-0.0034323,0.0057301,-0.011929,0.00058355,0.0083856,-0.006532,0.014014,-0.0093021,0.0037902,-0.0065069,0.0042493,-0.021866,0.0020841,0.02963,0.024758,-0.072366,0.030426,0.0016764,-0.0093248,0.011197,-0.0043136,-0.010016,0.0228,-0.03127,0.045585,-0.055863,0.027612,-0.0014643,-0.0040247,-0.022609
-0.0175,0.014055,-0.0048765,0.0017249,-0.0060407,0.010595,-0.034942,0.02946,0.018344,-0.058787,0.059996,-0.039796,0.031733,-0.01732,0.003607,0.005277,-0.031884,0.046321,-0.021689,0.0019218,0.00081915,0.0112,0.012855,-0.055357,0.050953,-0.016804,-0.00046809,0.0010023,-0.00029289,-0.00064304,0.030487,-0.042394,0.024072,-0.0030247,-0.0043801,0.02075,-0.029841,0.0063034,0.0081543,-0.015383,0.022402,-0.016787,0.041024,-0.051301,-0.021119,0.071422,-0.022754,-0.025249,0.015896,0.0027075,0.0037406,0.003162,-0.018373,0.029835,-0.04548,0.034116,-0.011087,-0.00096608,0.0048188,0.035399
0.021066,-0.029712,0.033927,-0.022898,0.0036632,0.0082021,0.0095746,-0.0059541,-0.031394,0.045902,-0.0086884,-0.0094399,-0.0079975,0.0021952,0.016181,-0.011905,0.025014,-0.025963,-0.0013993,0.0084275,0.0093981,-0.031885,0.002256,0.058645,-0.073097,0.033449,-0.0029958,-0.0090949,0.015202,-0.010521,-0.020301,0.029202,-0.024332,0.012881,0.0069723,-0.031993,0.014965,0.021258,-0.03168,0.030529,-0.035034,0.028221,-0.044801,0.061616,-0.035994,0.014307,-0.06835,0.10075,-0.052053,0.010558,-0.017633,0.0041455,0.0049156,-0.016991,0.034775,-0.032333,0.021382,-0.0047044,-0.0053885,-0.03041
0.0090313,0.013498,-0.041589,0.040146,-0.02043,-0.0071951,0.017844,-0.030463,0.039255,-0.0096522,-0.041205,0.035584,-0.0029869,0.0045502,-0.011916,-0.0019851,-0.0088669,0.012786,0.0081042,-0.0169,-0.015926,0.052041,-0.028751,-0.024644,0.028487,-0.0020163,-0.0010272,-0.0019263,-0.0080114,0.01888,-0.012249,-0.011574,0.028373,-0.015046,-0.010604,0.028284,-0.021503,-0.00488,0.0016522,0.015888,-0.0074678,-0.0072226,0.030619,-0.047901,0.04208,-0.052852,0.070779,-0.052756,0.024514,-0.015542,0.018237,-0.01434,0.021002,-0.0081819,-0.032373,0.048136,-0.020882,0.0038113,0.013063,-0.01035
-0.020444,-0.0091082,0.056013,-0.060716,0.042873,-0.0030096,-0.037066,0.049282,-0.02102,-0.025951,0.058446,-0.033291,-0.0098451,0.018564,-0.02233,0.032771,-0.0050834,-0.016244,0.00042612,0.013229,0.008427,-0.038737,0.035823,-0.01849,0.028127,-0.031218,0.010985,0.0053516,-0.0051898,-0.0053203,0.0054674,0.0092367,-0.016462,0.00031014,0.016247,-0.032014,0.033759,-0.017237,0.039344,-0.065035,0.038243,-0.015894,0.01277,-0.013253,-0.0048442,0.027908,-0.00483,-0.011331,-0.022678,0.030917,-0.02384,0.032719,-0.038531,0.0031241,0.043474,-0.03522,0.0074066,-0.016062,-0.012377,0.03205
0.01596,0.022841,-0.073764,0.064729,-0.036321,-0.006852,0.048389,-0.046432,0.0062582,0.039607,-0.056976,0.026345,0.017519,-0.023866,0.031056,-0.03378,0.0085254,0.0070869,-0.0078631,0.003829,0.0066641,0.0031159,-0.0076702,-0.0033735,0.008136,-0.0021045,0.0088127,-0.021471,0.027389,-0.024303,0.012272,0.005585,-0.014883,0.027847,-0.033268,0.022642,-0.0089546,0.0018183,-0.019193,0.041804,-0.028937,0.025733,-0.029917,0.011825,0.013068,-0.006159,-0.028717,0.042469,-0.0065508,-0.013576,0.035297,-0.06246,0.056275,0.0028998,-0.027176,0.026995,-0.030106,0.03255,0.0053693,-0.015089
-0.030392,-0.02812,0.068897,-0.044597,0.015027,-0.0018593,-0.018269,0.024302,-0.0023488,-0.035916,0.042486,-0.013898,-0.0069749,-0.0078512,0.0089984,-0.00010394,-0.01349,0.014672,0.011625,-0.020005,-0.014983,0.027442,-0.025627,0.044011,-0.049822,0.025976,-0.020008,0.025096,-0.029787,0.033508,-0.020781,-0.0097239,0.019434,-0.021912,0.020476,-0.0015614,-0.0043977,0.0037625,0.01069,-0.042594,0.038994,-0.02193,0.0096106,0.019463,-0.023132,0.0042915,0.016605,-0.05714,0.054746,-0.013341,-0.030509,0.073223,-0.066282,0.012733,0.013649,-0.042948,0.052593,-0.032827,0.016922,-0.0025331
0.042927,0.036013,-0.06363,0.032174,-0.010398,0.01979,-0.0094256,-0.015542,0.018328,0.017522,-0.03011,0.017163,-0.016767,0.034294,-0.037266,0.01552,0.028305,-0.033428,-0.016221,0.036248,0.003599,-0.023536,0.019915,-0.031431,0.032525,-0.01248,0.0090773,-0.017155,0.02226,-0.025918,0.017761,-0.0011696,0.014156,-0.024626,0.014297,-0.015423,0.015705,-0.0043104,-0.025017,0.054144,-0.04954,0.048214,-0.061832,0.035508,-0.0086484,-0.014185,0.013643,0.032258,-0.046605,0.016669,0.022918,-0.066123,0.062148,-0.013815,-0.024136,0.04107,-0.02828,-0.0038847,-0.0001541,-0.032112
-0.018838,-0.027581,0.042324,-0.020425,0.013659,-0.021909,0.015812,0.018469,-0.028996,-0.019055,0.053306,-0.0395,0.021478,-0.024202,0.025079,0.0051463,-0.050916,0.034776,0.022366,-0.049304,0.028303,0.0033682,-0.0088244,0.012667,-0.012778,0.0019957,-0.0016917,0.0087546,0.0035036,-0.0099477,0.0026318,0.028567,-0.07148,0.072149,-0.040081,0.013867,-0.0067099,-0.0077831,0.032836,-0.043631,0.045596,-0.078502,0.10682,-0.081256,0.028305,0.0058054,-0.0063905,-0.0075327,0.020823,-0.011056,-0.024374,0.041797,-0.024762,-0.017678,0.038324,-0.027942,0.00060843,0.0094114,-0.0070017,0.041482
-0.031839,0.043358,-0.066074,0.063077,-0.051129,0.024326,-0.0041446,-0.033667,0.04801,0.0011255,-0.060179,0.045921,-0.02035,0.018314,-0.0088208,-0.032329,0.045979,-0.025234,0.0013994,0.030593,-0.024887,-0.0086517,0.0019895,0.008994,-0.0081879,0.010204,0.001906,-0.011861,-0.0050317,0.01365,-0.0019104,-0.0468,0.073476,-0.066043,0.032838,0.011256,-0.018741,0.016206,-0.030413,0.018887,-0.0044265,0.019179,-0.045056,0.041661,-0.0043227,-0.005949,0.0089832,-0.037086,0.028748,-0.025057,0.029765,0.01669,-0.051836,0.049851,-0.038566,0.0201,-0.0056536,0.028673,-0.014593,-0.007048
0.026131,-0.035293,0.076154,-0.094492,0.08469,-0.028187,-0.015183,0.046672,-0.077239,0.032052,0.054084,-0.046084,0.023642,-0.022897,-0.012036,0.049432,-0.034757,0.041243,-0.033972,-0.0059412,0.014486,-0.0011323,0.017367,-0.016044,0.01501,-0.013966,-0.013466,0.032511,-0.030844,0.017064,-0.0028428,0.0089751,-0.0066595,0.0011317,0.015458,-0.044077,0.023111,0.0092779,-0.0024952,0.0045832,-0.033372,0.042289,-0.022472,0.0044473,-0.0098364,0.0019239,-0.00055521,0.022859,-0.032532,0.048816,-0.033561,-0.039336,0.060424,-0.026807,0.023415,-0.022421,0.015807,-0.030748,-0.013524,0.029752
0.013918,-0.0042363,-0.032833,0.062872,-0.060775,-0.0021329,0.028719,-0.032823,0.062756,-0.012342,-0.05761,0.025313,0.0023108,-0.0065638,0.041152,-0.043216,0.018305,-0.037131,0.043763,-0.025345,0.014778,0.00018512,-0.019025,0.0092416,-0.015134,0.0118,0.01701,-0.036801,0.044119,-0.029156,-0.0014165,0.015203,-0.027898,0.030285,-0.031219,0.046858,-0.019355,-0.025439,0.0096891,0.014621,0.02075,-0.050404,0.033617,0.0024243,-0.0085226,0.016816,-0.036449,0.028403,0.0090765,-0.030836,0.013406,0.036789,-0.034511,0.0021148,-0.0065996,0.014332,-0.0019916,-0.0040087,0.054862,-0.070752
0.0026196,-0.01609,0.034809,-0.041533,0.034661,0.0087928,-0.022514,0.017383,-0.018754,-0.024111,0.046453,0.012964,-0.035881,0.033845,-0.038829,0.016205,0.010409,0.010925,-0.028668,0.034625,-0.035648,0.017056,0.0047392,0.0015272,0.0099238,-0.016796,0.0033378,0.014499,-0.02569,0.01401,0.0037155,-0.0078308,0.016933,-0.0050819,-0.001987,-0.015636,0.0051191,0.023113,0.012901,-0.053023,0.010013,0.04408,-0.036718,0.0078125,0.012019,-0.022277,0.031894,-0.029375,0.011808,0.0040808,0.011827,-0.033469,0.042044,-0.035431,0.02894,-0.029414,0.013958,0.00016913,-0.031723,0.047752
-0.032172,0.070259,-0.067168,0.03799,-0.018866,-0.019066,0.049176,-0.034239,0.009544,0.029681,-0.026558,-0.020509,0.036081,-0.043248,0.036343,-0.0099665,-0.012631,0.013503,-0.019058,0.0011617,0.026531,-0.015689,-0.00099637,-0.011775,0.007808,0.010598,0.00066204,-0.024454,0.025357,-0.01634,0.032776,-0.036294,0.0095565,-0.012002,0.0088146,0.01692,-0.008588,-0.0083324,-0.023494,0.058629,-0.012954,-0.048288,0.053116,-0.017261,-0.016086,0.018749,-0.02131,0.049316,-0.052915,0.037614,-0.036464,0.024393,-0.042455,0.058481,-0.051369,0.043954,-0.025434,0.0074865,0.0034651,-0.0081853
0.016126,-0.050645,0.032419,-0.0060227,0.0074377,0.010497,-0.035662,0.018954,0.011372,-0.041869,0.027081,0.011042,-0.032314,0.028801,-0.012407,-0.0016003,0.0095286,-0.027912,0.04449,-0.023188,-0.01269,0.020618,-0.016718,0.029835,-0.030123,0.01356,-0.02608,0.022648,0.008616,-0.017794,-0.0075641,0.0078976,0.010711,0.0023464,0.0064757,-0.022722,0.0049029,-0.0041831,0.03316,-0.049108,0.010192,0.042027,-0.0496,0.010384,0.020354,-0.014569,0.00069397,-0.022616,0.035696,-0.022919,0.0089697,0.0056817,0.032438,-0.084979,0.075975,-0.044707,0.035151,-0.021868,0.017674,-0.0020347
-0.010307,0.043739,-0.051445,0.041477,-0.018964,-0.012019,0.022367,-0.020432,0.01416,-0.0055682,0.018169,-0.038315,0.023961,-0.0036266,-0.0093346,0.015107,-0.0099949,0.017068,-0.029306,0.016748,0.01977,-0.029599,0.022158,-0.029459,0.035873,-0.027888,0.026625,-0.012604,-0.0058056,0.016596,-0.0044349,-0.014061,0.0040782,0.0021547,-0.008865,0.00919,0.0055551,0.0046917,-0.018674,0.018836,-0.012106,-0.0086254,0.013411,0.014716,-0.024389,0.0012175,0.0079034,0.012855,-0.017596,0.0022797,0.0030528,0.0021566,-0.032567,0.065223,-0.049121,0.022034,-0.011945,-0.0012911,0.0048652,-0.0075546
