0.026253,-0.0050981,-0.028279,0.0084329,0.030014,-0.043754,0.041067,-0.035966,0.011978,0.012995,-0.026087,0.013999,0.014133,-0.0072015,0.0014336,-0.0023326,-0.024161,0.019625,0.010389,-0.031,0.036788,-0.020226,-0.0044456,0.020545,-0.0113,0.017468,-0.047541,0.029908,-0.017097,0.033247,-0.023388,-0.023361,0.034588,-0.0099188,0.0069139,-0.020297,0.0032945,0.004471,0.00065238,-0.014934,0.017615,-0.008151,-0.0042054,0.025426,-0.042473,0.01263,0.00086924,-0.0066398,0.0041765,0.0084539,0.012822,-0.0217,0.035086,-0.085425,0.094289,-0.07499,0.056828,-0.024752,0.0072532,0.01108
-0.019892,0.028087,0.0053552,-0.0065,-0.016343,0.0085275,0.010748,-0.0052686,0.02107,-0.040941,0.05186,-0.037437,-0.0019651,0.014691,-0.018967,0.0010383,0.051526,-0.045431,-0.019346,0.076415,-0.076754,0.027572,0.010464,-0.013645,0.0092739,-0.040245,0.068629,-0.041183,0.041733,-0.066125,0.038003,0.03282,-0.051747,0.022085,0.01129,-0.035922,0.036228,-0.016156,-0.0019423,0.017368,-0.0079726,-0.016391,0.0086857,0.0046047,0.0024761,0.017059,-0.0079102,0.0010186,-0.0074424,0.003506,0.0052284,-0.0092728,-0.021138,0.049018,-0.04403,0.029941,0.01005,-0.047348,0.02698,-0.026036
-0.00088512,-0.042714,0.0056207,-0.0031152,0.017786,-0.00080287,-0.025879,0.0077926,-0.016897,0.03164,-0.045372,0.047989,-0.018884,-0.0047094,0.0018884,0.0092942,-0.043181,0.031645,0.03077,-0.075035,0.061527,-0.0031035,-0.037109,0.027578,-0.033205,0.050329,-0.051739,0.027338,-0.0001737,-0.015158,0.049226,-0.10501,0.11147,-0.065921,0.0062209,0.031332,-0.05132,0.045448,-0.022745,0.014617,-0.023974,0.035433,-0.026439,-0.001376,0.016167,-0.015236,0.004384,-0.014858,0.024835,-0.005095,-0.012512,0.021244,-0.0075484,-0.00048612,0.0053167,-0.00036023,-0.020093,0.034455,0.0041057,0.035484
0.0054028,0.04384,-0.009001,0.0027217,-0.0072048,-0.014813,0.035149,-0.007689,0.0063837,-0.012538,0.030131,-0.036689,0.007311,0.02055,-0.022097,0.01994,0.019099,-0.0092051,-0.046814,0.076185,-0.050443,-0.019153,0.068694,-0.046901,0.035239,-0.05561,0.05812,-0.033758,0.011528,0.0027252,-0.037254,0.091525,-0.10389,0.065067,-0.021307,-0.024008,0.058992,-0.048033,0.028758,-0.026661,0.033608,-0.047385,0.046739,-0.011731,-0.019746,0.0097031,0.0196,-0.0066759,-0.021378,0.025001,-0.018049,-0.0045165,-0.0043066,0.00078912,0.011352,-0.0089986,0.013134,-0.017289,-0.021056,-0.033089
0.0065439,-0.0067599,-0.023312,0.015654,-0.0013551,0.014566,-0.036421,0.012009,0.011607,-0.017014,0.0057837,0.0077934,0.00086066,-0.031722,0.047738,-0.045676,0.018691,-0.029324,0.060105,-0.075929,0.052164,0.0078237,-0.055139,0.035114,-0.035829,0.057325,-0.031285,0.012469,-0.012156,0.0026544,0.0082642,-0.034523,0.046077,-0.0215,-0.010407,0.038716,-0.068434,0.061669,-0.014854,-0.011457,-0.0021302,0.01861,-0.033953,0.043875,-0.016042,0.011476,-0.039071,0.015108,0.020341,-0.016238,0.0076609,0.0011327,0.01621,-0.017363,0.010055,-0.015184,0.0044891,-0.0094366,0.050974,-0.011045
-0.021849,-0.032904,0.046815,-0.04107,0.023077,-0.039439,0.061491,-0.033144,-0.0092657,0.035152,-0.0501,0.025978,-0.0098297,0.0090787,-0.0058262,0.012457,-0.0065944,0.006887,-0.026938,0.040323,-0.025073,-0.0043478,0.012571,0.011149,-0.009009,-0.0082799,0.020618,-0.036631,0.032863,-0.018895,0.00093133,0.030133,-0.0358,0.0080868,0.0052601,-0.0030521,0.034833,-0.025147,-0.027672,0.038596,-0.023769,0.025404,0.00050779,-0.053954,0.052098,-0.039594,0.046324,-0.0059393,-0.028772,0.035515,-0.043753,0.021836,-0.0088193,0.0065688,0.0055371,0.0057877,-0.012771,0.04353,-0.083032,0.071859
0.036271,0.040585,-0.05793,0.056284,-0.021857,0.027521,-0.038597,0.021315,0.010116,-0.043435,0.063041,-0.029019,0.0083048,0.014678,-0.016414,0.0044248,-0.016096,0.023435,0.00057723,-0.023519,0.023397,-0.011139,0.021743,-0.0094109,-0.011267,0.020107,-0.038346,0.031065,-0.012545,0.0021321,0.018202,-0.029571,0.021648,-0.0025684,0.0029004,-0.017567,-0.0046586,-0.0050627,0.034003,-0.037034,0.040667,-0.051409,0.023091,0.035947,-0.057832,0.046682,-0.042094,0.019108,-5.7938e-05,-0.031148,0.051381,-0.021232,-0.0056016,0.016482,-0.035206,0.0066976,-0.0021244,-0.016594,0.054161,-0.086632
-0.02282,-0.054878,0.04818,-0.019662,-0.026038,0.011274,-0.0018684,0.0021793,-0.0062604,0.0141,-0.0089768,-0.0071405,-0.0093422,0.015836,-0.030772,0.027269,0.0002397,-0.021587,0.014906,0.010538,-0.017238,0.018831,-0.021553,-0.026853,0.045188,-0.032638,0.014553,0.024664,-0.036796,0.019441,-0.015776,0.024001,-0.028951,0.017668,-0.023164,0.025567,-0.00028359,0.0018575,-0.0087957,0.01086,-0.023108,0.028546,-0.020987,-0.0051153,0.033415,-0.033629,0.026086,-0.017384,0.019253,0.0044441,-0.013746,-0.010264,0.024332,-0.044826,0.054812,-0.010341,0.024692,-0.00062906,-0.032768,0.071457
0.0241,0.026199,-0.012955,-0.012113,0.037912,-0.023498,0.024311,-0.013393,-0.012148,0.033207,-0.028523,0.0035378,0.043936,-0.069291,0.053345,-0.021066,0.0083939,0.0050119,-0.013673,0.0027098,0.0061756,-0.017812,0.021691,-0.0085052,-0.013611,0.0093053,0.031585,-0.067838,0.056081,-0.01979,0.011424,-0.020908,0.012463,-0.011145,0.033258,-0.030263,0.019569,-0.019499,-0.0017515,0.014691,-0.010691,-0.0099321,0.028015,-0.014,-0.024854,0.034501,-0.0082023,0.0056455,-0.026309,0.020139,-0.026254,0.026095,-0.025451,0.06777,-0.063136,0.019038,-0.0082106,-0.040973,0.060437,-0.064745
-0.051204,0.043378,-0.048087,0.048664,-0.055442,0.04147,-0.043625,0.042864,0.0013086,-0.034313,0.024235,0.0095589,-0.075229,0.096056,-0.034199,-0.0098373,0.0074342,-0.0022397,0.0022846,0.0075735,-0.037086,0.059585,-0.064447,0.047972,-0.0022846,-0.0020247,-0.035831,0.062325,-0.047707,0.023759,-0.021659,0.017938,0.011104,-0.016305,-0.0053592,-0.00040425,-0.0014565,0.00099611,0.027499,-0.045603,0.038509,-0.00343,-0.0138,-0.007191,0.050107,-0.04642,0.012328,-0.0043811,0.0081462,-0.016731,0.042873,-0.037034,0.041878,-0.061105,0.038589,-0.0056593,-0.015912,0.057954,-0.054607,0.034226
0.056511,-0.073438,0.061565,-0.055358,0.055678,-0.033614,0.050161,-0.073066,0.041011,-0.016482,0.0052025,-0.021651,0.064295,-0.060903,0.0041432,0.025934,-0.027207,0.0016671,0.001639,-0.0063003,0.043972,-0.066446,0.049262,-0.042826,0.03908,-0.033278,0.045658,-0.051149,0.027971,-0.013033,0.016863,-0.010454,-0.027232,0.038281,-0.015352,0.016886,-0.012073,0.0062526,-0.027714,0.049506,-0.058303,0.04465,-0.027064,0.050952,-0.079928,0.062878,-0.024203,-0.0020231,0.014154,0.0057473,-0.043011,0.063057,-0.057227,0.035083,-0.022955,0.019382,0.018136,-0.052086,0.024656,-0.0058568
-0.035319,0.046222,-0.012311,0.011671,-0.0034729,-0.022618,0.0028108,0.047446,-0.074432,0.078429,-0.052968,0.035712,-0.032146,0.018775,0.00065075,-0.03289,0.0527,-0.02312,0.023375,-0.02701,-5.3747e-05,0.025678,-0.0276,0.057007,-0.079258,0.06356,-0.045415,0.033457,-0.0089168,-0.010176,0.021369,-0.033482,0.052738,-0.044597,0.014414,-0.01222,0.018379,-0.015588,0.024796,-0.024834,0.030405,-0.028185,0.012813,-0.033519,0.069369,-0.059508,0.016563,0.018325,-0.034993,0.018074,0.023965,-0.054906,0.035548,-0.006932,0.024203,-0.033566,-0.013248,0.017287,0.0047479,-0.017208
0.027352,-0.017202,-0.0047939,-0.015935,0.02028,0.025001,-0.028295,-0.032974,0.086136,-0.09155,0.056682,-0.036895,0.031144,-0.020178,0.014684,0.031559,-0.061759,0.042589,-0.044627,0.046915,-0.028695,0.0039203,0.016802,-0.041352,0.053123,-0.048317,0.037791,-0.03149,0.018874,-0.0047342,-0.0051111,-0.009598,0.026349,-0.01555,0.0064353,0.0046634,-0.030323,0.029411,-0.015722,-0.0030844,0.0058157,0.0023798,0.018014,-0.022422,-0.0123,0.0090084,0.024988,-0.047434,0.042128,-0.012156,-0.021235,0.045695,-0.036485,0.0017113,0.0019478,0.0049243,0.0051668,-0.001122,-0.022521,0.02237
-0.040886,0.018536,-0.024151,0.060828,-0.067555,0.0073212,-0.012187,0.059025,-0.086953,0.065215,-0.033963,0.036343,-0.038486,0.014581,-0.016253,-0.011121,0.036022,-0.041423,0.045681,-0.040959,0.05159,-0.061405,0.023367,0.0031633,-0.012572,0.047384,-0.056855,0.029634,-0.010995,0.003719,-0.019601,0.087577,-0.12243,0.068067,-0.030308,0.0073689,0.027276,-0.015728,-0.0016227,0.010845,-0.010397,-0.011875,-0.0020526,0.037888,-0.035533,0.042159,-0.051654,0.056491,-0.030051,-0.020068,0.050406,-0.069525,0.071175,-0.020636,-0.0086313,-0.016921,0.014432,-0.0030548,0.038454,0.011303
0.035799,-0.0085886,0.020952,-0.044228,0.042355,-0.016305,0.034566,-0.056931,0.067607,-0.050194,0.040787,-0.048835,0.043051,-0.012508,0.02082,-0.015456,0.003363,0.011431,-0.0092882,-0.0057565,-0.021963,0.060027,-0.033786,0.031195,-0.037323,-0.019172,0.057351,-0.042925,0.028069,-0.0090273,0.019527,-0.07799,0.08548,-0.028744,0.0086893,0.00036084,-0.012366,-0.0048683,0.025257,-0.024205,0.011878,0.013915,0.0025161,-0.052816,0.07323,-0.064368,0.04293,-0.050095,0.030615,0.032574,-0.051358,0.045877,-0.060224,0.033862,-0.017641,0.037343,-0.01646,0.012323,-0.04299,-0.037339
-0.026051,-0.010959,0.0064274,-0.0012434,-0.0064315,0.0028151,-0.0052299,0.022803,-0.038362,0.035597,-0.036588,0.04794,-0.053026,0.028463,-0.011962,0.017745,-0.031779,0.026757,-0.042978,0.08221,-0.065501,0.011363,-0.0063111,-0.010606,0.043895,-0.012367,-0.035957,0.038135,-0.024645,0.01419,-0.025347,0.044889,-0.014682,-0.032248,0.032133,-0.012413,-0.005726,0.038922,-0.062276,0.03449,-0.0082197,0.018235,-0.050204,0.073426,-0.067182,0.032548,0.0010313,0.01568,-0.031751,0.00034424,-0.0015149,0.0090165,0.03081,-0.048562,0.04267,-0.036054,0.014845,-0.022093,0.037334,0.033556
0.007884,0.031368,-0.022752,0.01295,-0.0055992,0.013424,-0.010744,-0.014668,0.016509,0.0045555,0.00072335,-0.027063,0.042041,-0.011586,-0.025271,0.0055597,0.024039,-0.029659,0.051027,-0.079925,0.057715,-0.017566,0.012674,0.0030152,-0.02837,0.0026775,0.01781,0.0025792,-0.015159,0.0014309,0.020529,-0.013069,-0.031985,0.060913,-0.05997,0.03274,0.017261,-0.059291,0.069492,-0.032278,0.0094607,-0.031977,0.043903,-0.02636,0.00012233,0.014961,-0.028747,0.0073975,0.046038,-0.051141,0.029293,-0.023206,-0.01228,0.051305,-0.056961,0.047389,-0.053839,0.065147,-0.06724,0.01277
0.0020395,-0.034923,0.016622,-0.0077457,0.016549,-0.021643,0.0069756,0.019218,0.0047787,-0.036494,0.002974,0.037983,-0.034778,0.0031203,0.025982,-0.011413,-0.0090308,0.010414,-0.018722,0.024112,-0.0040447,-0.0081113,0.019642,-0.043767,0.026017,0.0073428,0.014293,-0.032831,0.024956,-0.0032361,-0.010396,-0.00116,0.019992,-0.036619,0.054927,-0.029497,-0.015708,0.024797,-0.017429,-0.0021591,0.0051673,0.0027532,0.0051995,-0.017738,0.034888,-0.037922,0.028893,-0.0080526,-0.042293,0.046518,-0.006005,0.013044,-0.008895,-0.030309,0.050029,-0.063569,0.09266,-0.086031,0.077288,-0.038649
0.025724,-0.0081205,0.0027777,0.01684,-0.039799,0.043514,-0.019361,-0.0067565,-0.026274,0.031925,0.040631,-0.06959,0.031272,-0.01339,-0.0010847,0.00057215,-0.0019712,0.010069,0.003908,-0.0061457,-0.029347,0.029525,-0.015759,0.024924,0.00049797,-0.015974,-0.020894,0.033382,-0.017178,-0.0028811,0.010262,-0.01548,0.012977,0.0027834,-0.016479,-0.003562,0.020351,0.0023559,-0.042714,0.057535,-0.028979,0.023264,-0.035909,0.011906,-0.024517,0.050709,-0.020143,0.0069865,-0.0059931,0.0079511,-0.026624,0.010894,0.0074971,0.013777,-0.032706,0.05602,-0.060691,0.031603,-0.017711,0.0035981
-0.041355,0.037485,-0.0070174,-0.024774,0.049254,-0.063808,0.039508,-0.013865,0.031462,-0.001828,-0.066955,0.054723,-0.010965,0.017362,-0.026321,0.020154,0.0031518,-0.014473,0.0032038,-0.026205,0.078622,-0.04514,-0.023086,0.024964,-0.021629,0.028736,0.0010797,-0.027514,0.010257,0.015925,-0.019615,0.023099,-0.030509,0.030536,-0.027277,0.038806,-0.047851,0.019233,0.054306,-0.082309,0.02509,-0.0088245,0.026807,0.024359,-0.027945,-0.0041658,-0.028485,0.022664,0.022154,-0.024275,0.021549,-0.012887,-0.0089516,0.0053507,0.010467,-0.018474,-0.0054424,0.035441,-0.041926,0.028128
0.022135,-0.037485,0.012986,0.016335,-0.037043,0.055916,-0.031303,0.0032382,-0.010487,-0.015979,0.044386,-0.027029,0.01247,-0.029642,0.043996,-0.036927,0.024759,-0.034618,0.040431,-0.018645,-0.022742,0.038988,-0.014675,-0.012864,0.0054877,-0.0033279,0.0028005,0.02074,-0.00094644,-0.034852,0.032487,-0.034893,0.052241,-0.057108,0.063872,-0.066252,0.065273,-0.037395,-0.051351,0.081767,0.011312,-0.065531,0.038037,-0.054636,0.062184,-0.01378,0.0058215,0.0061837,-0.041617,0.034993,-0.0039439,-0.0071249,0.023604,-0.028897,0.031929,-0.052046,0.088506,-0.098649,0.072306,-0.033399
-0.014122,0.035832,-0.017091,-0.011242,0.017656,-0.023906,-0.0013084,0.019408,-0.0065461,0.009479,-0.022376,0.018242,-0.022787,0.027829,-0.027158,0.026837,-0.036032,0.079352,-0.1234,0.1585,-0.12933,0.01127,0.036956,0.0088494,0.038957,-0.089749,0.062757,-0.041483,-0.00092455,0.041066,-0.035508,0.024394,-0.025191,0.045963,-0.069831,0.049865,-0.030196,0.0032265,0.044527,-0.020369,-0.078966,0.12384,-0.058704,0.017396,-0.0099657,-0.037955,0.071217,-0.061127,0.05198,-0.034922,-0.0052814,0.020637,-0.029851,0.043666,-0.069634,0.1131,-0.15455,0.14284,-0.10028,0.044148
0.010749,-0.01079,-0.002108,0.010973,0.0044154,-0.014645,0.014635,-0.013594,0.00068358,-0.0044454,0.019393,-0.0091645,0.016422,-0.011059,0.0063689,-0.01819,0.03922,-0.091862,0.13379,-0.17115,0.20796,-0.12584,0.04736,-0.10092,0.030134,0.13302,-0.14223,0.062169,0.0040547,-0.058815,0.077464,-0.046468,0.0054038,-0.015232,0.034204,-0.012992,0.00012827,0.0026688,0.037591,-0.093608,0.092654,-0.057102,0.013188,0.038237,-0.054477,0.054787,-0.057644,0.029562,-0.01229,0.013327,0.0020348,-0.024448,0.038688,-0.047634,0.055499,-0.085919,0.11174,-0.12418,0.096821,-0.038537
-0.011547,-0.0039472,0.0051284,-0.0050431,-0.010579,0.017258,-0.0020337,0.0027242,-0.0022756,0.011067,-0.02603,0.012344,-0.013917,0.0017583,0.0087612,0.02123,-0.059022,0.093326,-0.072903,0.076781,-0.17417,0.11309,-0.021764,0.18026,-0.17669,-0.056034,0.10691,-0.0553,0.046145,0.0073879,-0.078024,0.070082,-0.0020101,-0.0058665,-0.01031,-0.011626,0.01715,-0.0142,-0.031647,0.079551,-0.01264,-0.04194,0.024432,-0.055361,0.0769,-0.047657,0.015392,0.0025973,-0.014292,0.012492,0.0042215,0.015723,-0.042857,0.035567,-0.021957,0.018338,-0.033614,0.072176,-0.047019,0.013474
0.0071839,0.0014375,0.0043988,-0.0056803,0.00040343,-0.0015058,-0.0071473,0.0013767,0.006357,-0.010494,0.024654,-0.0083764,0.0026417,0.0061459,-0.014251,-0.018136,0.047012,-0.050909,0.023599,-0.023945,0.0742,0.032467,-0.11765,-0.069669,0.11943,0.0057453,-0.0096836,0.0085829,-0.055504,0.040665,0.021997,-0.0354,-0.0075724,0.0029536,-0.001194,0.028788,-0.0085263,0.044118,-0.034556,-0.049706,-0.020889,0.13964,-0.11059,0.02505,0.031426,-0.064672,0.067276,-0.034407,0.0084895,0.0064863,-0.035503,0.0051652,0.03074,-0.022878,0.010306,0.0036266,0.01437,-0.045002,0.016715,0.0003952
0.0079384,-0.0031265,-0.0036419,0.013543,-0.002202,-0.0033061,0.014928,-0.0095625,-0.0047761,0.0082034,-0.0093246,-0.0087092,0.019231,-0.012983,0.0060868,0.01125,-0.003896,-0.016326,0.021093,-0.015043,-0.011503,-0.039897,0.11034,-0.051626,0.013496,-0.014063,-0.019842,0.036646,-0.034868,0.030188,-0.038556,0.065844,-0.039719,-0.003398,0.02335,-0.011279,-0.041296,0.0099384,-0.024333,0.1161,-0.0070055,-0.18127,0.10335,0.13421,-0.30507,0.31479,-0.21358,0.0841,0.025751,-0.071809,0.062373,-0.019144,-0.01946,0.015032,0.010062,-0.034085,0.0090723,0.030143,-0.028962,0.006585
-0.018402,-0.010629,0.0063686,-0.016627,0.0027247,0.0073749,-0.0066857,0.00067534,0.010537,-0.003555,-0.0073601,0.010531,-0.026884,0.017251,-0.0023872,0.0054308,-0.020384,0.043997,-0.048646,0.03403,-0.011093,-0.002849,-0.040777,0.063044,-0.038296,0.011477,0.0043919,-0.028737,0.063446,-0.050852,0.034226,-0.078645,0.028119,0.059687,-0.044232,0.0026605,0.058444,-0.055966,0.022762,-0.049964,-0.021799,0.065803,0.11767,-0.39037,0.64268,-0.61812,0.32971,-0.098909,-0.034275,0.083306,-0.033757,0.0059687,0.014512,-0.003534,-0.038883,0.060042,-0.028915,-0.0035364,0.023901,0.0043004
0.017603,0.023844,-0.015801,0.0097149,0.0094647,-0.015736,-0.0036724,0.012457,-0.018855,0.00090794,0.015571,-0.0065735,0.016673,-0.00095926,-0.0080704,-0.012942,0.019798,-0.038361,0.031101,-0.012513,0.027366,-0.011699,0.022099,-0.043641,0.017737,-0.00012677,0.0060767,-0.0075029,-0.0056971,0.00010797,-0.0063219,0.069204,-0.022965,-0.058094,0.026403,0.011603,-0.072635,0.08222,0.017283,-0.079239,0.08415,0.072902,-0.31426,0.54618,-0.85144,0.74015,-0.2264,-0.03315,0.1176,-0.15466,0.039114,0.0057007,-0.0011839,-0.006902,0.031457,-0.015118,-0.004535,-0.00081311,-0.005267,-0.019346
-0.026991,-0.027452,0.024952,-0.0059117,-0.022122,0.031328,-0.0039249,-0.017006,0.029035,-0.0090104,-0.01482,0.0056193,5.4939e-05,-0.019216,0.021131,0.0098023,-0.014691,0.014868,0.0088851,-0.031191,0.0030821,-0.0029999,0.0048679,-0.0089079,0.036764,-0.023435,-0.0052571,0.04129,-0.057411,0.026189,0.056557,-0.15299,0.099502,0.0055226,0.015238,-0.052062,0.11387,-0.15175,0.0503,0.087536,-0.11852,-0.085568,0.29145,-0.40369,0.59422,-0.38736,-0.12151,0.30944,-0.39907,0.37119,-0.084446,-0.022398,-0.010577,0.01494,-0.020728,-0.020739,0.03899,-0.0072259,-0.010126,0.032475
0.032283,0.014636,-0.027529,0.01547,0.016263,-0.032127,0.014041,0.014065,-0.032284,0.022318,0.0004364,-0.0037202,-0.001985,0.019122,-0.020968,-0.0016317,0.0031171,0.0014444,-0.025941,0.05396,-0.035524,0.017823,-0.012331,0.0288,-0.054331,0.032703,0.0035023,-0.05041,0.11182,-0.092065,-0.012156,0.058342,0.0086699,-0.027217,-0.040473,0.067111,-0.092872,0.12263,-0.087522,-0.024877,0.10049,0.029661,-0.12485,0.05804,-0.070503,-0.032008,0.27187,-0.46578,0.63298,-0.42287,-0.013986,0.094339,-0.014646,-0.0051626,0.032259,0.014397,-0.044894,0.011647,0.014491,-0.048056
-0.01781,7.7246e-05,0.024804,-0.024857,0.0030981,0.018694,-0.015974,0.0014021,0.014659,-0.019705,0.012029,0.00025568,-0.00044096,-0.0075232,0.0125,-0.0085733,0.0019316,0.003484,0.011838,-0.027507,0.02463,-0.010096,-0.013745,0.018148,0.0077113,-0.0041782,0.0040961,0.013761,-0.099856,0.13502,-0.13194,0.17623,-0.15175,0.026592,0.048248,-0.052868,0.033479,-0.033696,0.083979,-0.04673,-0.055721,0.036864,-0.036629,0.13782,-0.14376,0.058084,-0.075534,0.34076,-0.51574,0.18011,0.15514,-0.11771,0.052126,-0.028164,-0.023315,-0.0047337,0.018685,-0.0081423,-0.011816,0.03225
0.0089877,-0.007042,-0.012765,0.022875,-0.0095694,-0.0065497,0.011563,-0.010572,0.00029331,0.0099722,-0.013105,-0.00071796,0.0093865,-0.0068412,-0.0025713,0.0076755,0.0072468,-0.025125,0.027738,-0.021506,-0.0021356,0.0082813,0.01689,-0.036891,0.029491,-0.012622,-0.015751,0.020552,0.02798,-0.10164,0.16487,-0.16911,0.067483,0.023557,-0.018604,0.013873,0.0084997,-0.033208,-0.027166,0.02794,0.055551,-0.10545,0.14319,-0.15042,0.11508,0.030463,-0.14209,-0.071518,0.19583,0.06379,-0.15828,0.058827,-0.060107,0.04066,0.00013887,-0.0073306,0.015268,-0.0005027,-0.0083872,0.0036266
-0.019952,0.01589,-0.00051525,-0.020779,0.015263,-0.0027359,-0.010115,0.014709,-0.0040076,-0.0077657,0.009183,0.0063436,-0.020355,0.011433,0.0018457,-0.008652,-0.014376,0.053218,-0.076898,0.06921,-0.026138,-0.0047301,-0.00067295,0.028755,-0.037499,0.0056581,0.025273,-0.049969,0.036717,0.050829,-0.097591,0.055555,0.007867,-0.014028,-0.012832,-0.018918,0.03596,-0.0053564,0.0098203,0.0089621,-0.055821,0.13026,-0.19077,0.12528,-0.064743,-0.018873,0.049233,0.19178,-0.24885,0.0076392,0.02181,0.012942,0.048281,-0.030186,0.0035846,0.028694,-0.02808,-0.028307,0.061054,-0.023546
0.026818,-0.025762,0.0077782,0.026764,-0.027408,0.0087211,0.018114,-0.021891,0.0019277,0.011996,-0.010836,-0.0050661,0.017837,-0.0035238,-0.0099949,0.012495,0.023735,-0.086811,0.12918,-0.11141,0.046794,0.0016313,-0.017089,0.004159,0.0086806,0.025974,-0.065604,0.085389,-0.065756,-0.01193,0.076663,-0.059058,0.009211,-0.0024573,0.0056866,0.05942,-0.14552,0.1763,-0.096584,-0.018267,0.0535,-0.11819,0.17125,-0.051629,-0.058491,0.0074436,0.29945,-0.64596,0.48192,-0.15951,0.13167,-0.066632,-0.04221,0.020557,0.0072747,-0.056983,0.02918,0.055482,-0.076809,0.018373
-0.026672,0.044243,-0.013038,-0.024982,0.031961,-0.011645,-0.02181,0.025112,-0.0082868,-0.012358,0.014963,-0.00038639,-0.0084336,-0.00082478,0.013327,-0.01124,-0.024485,0.084764,-0.1286,0.10662,-0.050338,0.01692,0.014657,-0.029301,0.047816,-0.10156,0.12522,-0.10529,0.083503,-0.0097189,-0.090675,0.063529,0.030699,-0.031989,-0.012916,-0.013636,0.11967,-0.18573,0.044801,0.078989,-0.06237,0.11254,-0.1507,0.049079,0.10485,-0.07402,-0.38751,0.65109,-0.27274,0.065266,-0.14055,0.025995,0.050889,-0.014267,-0.017393,0.076107,-0.033024,-0.032326,0.043094,-0.016885
0.0070931,-0.042307,0.014677,0.0044542,-0.021219,0.015117,0.012115,-0.027491,0.022411,-9.9058e-05,-0.0096505,0.0055646,-0.00032365,-0.0039759,0.0015945,-0.0021268,0.0085945,-0.027233,0.051699,-0.043912,0.02179,-0.013109,-0.0073333,0.039359,-0.089525,0.11047,-0.07835,0.080529,-0.10636,0.048105,0.049253,-0.01973,-0.070752,0.049041,0.0079967,-0.015116,-0.024488,0.052846,0.035824,-0.057635,0.018482,-0.074474,0.11965,-0.12781,-0.031552,0.12032,0.29915,-0.47494,0.082578,0.019955,0.046541,0.054225,-0.046533,0.012506,0.022016,-0.075013,0.033668,0.0077186,-0.034216,0.049926
-0.00022298,0.013692,-0.00045948,0.0057531,0.0056856,-0.012378,-0.0021146,0.013769,-0.021877,0.01644,0.0010716,-0.0050682,0.0055763,0.0084483,-0.01976,0.021302,-0.0083701,-0.0088412,0.0060671,-0.00066497,0.0044991,0.0071809,0.0037754,-0.043181,0.076522,-0.034314,-0.019804,-0.027899,0.087128,-0.062224,-0.0016669,0.012211,0.016277,-0.0086079,0.018214,-0.045279,0.050621,-0.073101,0.04974,0.00064866,-0.039618,0.080675,-0.077433,0.077321,0.021949,-0.058356,-0.30836,0.501,-0.19048,-0.0011926,0.022265,-0.066963,0.024766,0.01156,-0.045264,0.074136,-0.038476,0.021764,-0.0016409,-0.036447
0.021814,-0.0086966,-0.0036644,-0.0028695,-0.00070123,0.0032286,0.0020743,0.001827,0.010819,-0.011233,-0.00010695,-0.0061683,0.0037522,-0.01283,0.02036,-0.018995,0.016643,0.0029536,-0.0059168,0.005986,-0.0073214,-0.0076247,0.00097247,0.022965,-0.042787,0.017954,0.027603,-0.0057548,-0.025208,0.013094,0.0067952,-0.041146,0.036675,-0.012707,-0.023631,0.069782,-0.064136,0.078837,-0.062144,-0.050612,0.11097,-0.12837,0.068505,0.014498,0.0056779,-0.022553,0.18914,-0.44204,0.30755,-0.036428,-0.039514,0.075941,-0.034505,-0.047611,0.074913,-0.075823,0.050579,-0.06153,0.061021,-0.020308
-0.015647,0.00015626,0.0099599,-0.013655,0.015327,0.0034168,-0.014073,0.0061322,-0.0022414,-0.007515,0.010923,0.0094597,-0.018557,0.029168,-0.019685,0.010415,-0.016455,0.008867,-0.0080239,-0.0010881,0.013437,-0.0012455,-0.0067587,-0.00023373,0.02718,-0.039102,-0.0037499,0.013972,-0.0071563,0.010453,-0.010371,0.040961,-0.022068,-0.013682,0.031477,-0.055509,0.0047954,0.016582,-0.012,0.060107,-0.045355,0.065509,-0.052788,-0.0022615,-0.10877,0.075315,-0.088991,0.44412,-0.45545,0.13871,0.016866,-0.10441,0.067614,0.040954,-0.059465,0.07108,-0.080809,0.089485,-0.076385,0.031066
0.001102,0.025213,-0.046924,0.070153,-0.061779,0.006904,0.025923,-0.021227,-0.0060108,0.033561,-0.032043,0.0067498,0.010342,-0.018569,0.0084188,-0.0062688,0.018331,-0.020578,0.025064,-0.0058361,-0.012831,-0.010424,0.025256,-0.022747,-0.010873,0.030317,0.00087333,-0.0087573,-0.004655,0.0034135,-0.0032618,-0.017848,-0.001883,0.022812,-0.026147,0.038664,0.012137,-0.039223,0.018534,-0.0063346,-0.042311,0.0036935,0.054904,-0.035734,0.087948,-0.031731,0.058009,-0.36143,0.38406,-0.119,-0.033737,0.097569,-0.052942,-0.02545,0.028391,-0.05196,0.080045,-0.073553,0.054335,-0.020658
-0.0068311,-0.039787,0.06975,-0.093761,0.074402,-0.013856,-0.017836,0.016203,0.019603,-0.04606,0.034166,-0.017371,0.0071584,0.0083067,-0.017549,0.01904,-0.01476,0.014388,-0.019224,-0.0044215,0.010015,0.018494,-0.04822,0.040394,0.0096448,-0.015781,-0.0023263,-0.0020291,0.00086265,0.0034417,0.004592,-0.0032357,0.021314,-0.021299,0.005459,-0.0095772,-0.0082654,0.023341,0.0018606,-0.022544,0.04647,-0.010792,-0.049756,0.0059442,0.056095,-0.098956,0.091052,0.03993,-0.099722,0.012063,0.044252,-0.034632,-0.0088159,0.042093,-0.022361,0.013497,-0.020405,0.013902,-0.022998,0.025435
0.00045169,0.030785,-0.015607,0.015479,-0.017598,0.0088227,-0.0048288,0.0060157,-0.029191,0.038932,-0.02013,0.0070807,0.012575,-0.043068,0.059279,-0.034532,0.0035221,0.0013707,-0.0053151,0.01558,-0.011897,-0.017852,0.05826,-0.026097,-0.021782,0.001301,0.0077881,-0.0086314,0.024123,-0.021713,0.010179,0.01072,-0.043215,0.0416,-0.0024285,-0.018301,0.032456,-0.033892,0.0014911,0.019745,-0.035679,0.037134,-0.0078556,0.032018,-0.10789,0.15148,-0.18404,0.13178,-0.020563,-0.00084298,-0.0083455,-0.018835,0.03326,-0.028198,-0.0055756,0.031677,-0.025176,0.00028538,0.017323,-0.023451
0.020692,-0.035616,-0.0045472,0.022954,-0.014815,0.00064341,0.014776,-0.018714,0.01731,-0.0042529,-0.014507,0.025288,-0.031252,0.045328,-0.044294,0.0033949,0.024754,-0.031947,0.026387,-0.0053209,-0.01577,0.049986,-0.069328,0.015347,0.021707,-0.010077,0.0022499,0.0048697,-0.020363,0.029559,-0.029075,-0.00066192,0.041685,-0.038014,-0.0078054,0.036665,-0.042902,0.03157,-0.0048797,-0.023104,0.045101,-0.054371,0.023425,0.0080043,0.015498,-0.067532,0.10668,-0.068909,-0.00036367,0.0013802,0.0074338,0.011918,-0.0093672,-0.0085078,0.031953,-0.043972,0.0099935,0.032996,-0.023402,0.01412
-0.032048,0.05724,-0.039241,0.0071386,0.0056383,0.0128,-0.048236,0.043257,0.0017478,-0.044144,0.062632,-0.051882,0.018656,-0.0030306,-0.013469,0.038082,-0.045212,0.039713,-0.026653,0.010724,0.0083796,-0.044933,0.05457,-0.029088,0.016748,-0.0041586,0.0024983,0.0033409,0.0059863,-0.029942,0.038234,-0.012543,-0.018498,0.022505,0.0020023,-0.023598,0.023283,-0.0080753,-0.019183,0.054452,-0.080093,0.056341,-0.0090479,-0.041503,0.076948,-0.058796,0.054538,-0.088331,0.072907,-0.0056338,-0.023149,0.020717,-0.018922,0.016724,-0.027179,0.031867,0.0022969,-0.02638,0.01519,-0.0041869
-0.0041795,-0.019494,0.026553,0.0035651,-0.018364,-0.019427,0.066918,-0.053776,-0.00074779,0.053993,-0.074136,0.052113,-0.016595,-0.0064666,0.034182,-0.040675,0.025037,-0.012301,0.013098,-0.028265,0.021071,0.0093682,-0.022128,0.039223,-0.053175,0.032793,-0.021077,0.0077129,-0.0057814,0.020002,-0.024232,0.019037,-0.0011882,-0.023924,0.018016,-0.0052213,0.013313,-0.023412,0.020296,-0.029359,0.048508,-0.0070092,-0.014746,0.012377,-0.042573,0.060175,-0.070733,0.10211,-0.079407,0.019799,0.016376,-0.043021,0.042448,-0.027178,0.036111,-0.033773,0.011718,0.0012236,-0.0078873,0.003116
0.043556,-0.021396,-0.013309,-0.0035421,0.028396,-0.0070297,-0.018266,0.0201,0.0031093,-0.049011,0.063431,-0.035853,0.021897,-0.0036777,-0.02931,0.023291,-0.011793,0.010675,-0.016853,0.037782,-0.037429,0.01055,0.008643,-0.015548,0.021128,-0.0014615,-0.0062174,-0.0037215,-0.0013097,0.0092579,0.0026952,-0.025189,0.016868,0.0031455,-0.0052973,0.015348,-0.033966,0.024283,0.023669,-0.039478,0.017681,-0.039884,0.041656,0.0076269,-0.024804,0.027234,-0.04632,0.0040204,0.038119,-0.041112,0.014489,0.017454,-0.024068,0.016939,-0.034404,0.033693,-0.026844,0.0201,-0.014952,0.0052107
-0.032305,-0.01724,0.074352,-0.049525,-0.01868,0.034978,-0.0223,0.00021135,-0.002658,0.042281,-0.046758,0.017887,-0.026637,0.017516,0.011297,-0.0056003,0.0043648,-0.0071705,0.0121,-0.043244,0.058535,-0.013386,-0.014675,-0.0047591,0.011586,-0.028937,0.030495,0.0069797,-0.0024195,-0.018207,-2.1736e-05,0.025987,-0.035066,0.031784,-0.012674,-0.015323,0.04031,-0.02292,-0.025743,0.029804,-0.0070825,0.017449,-0.025323,-0.0075807,0.039571,-0.046316,0.042456,0.0008725,-0.035997,0.046901,-0.034053,0.013739,-0.01263,0.020941,0.0028783,-0.021863,0.028876,-0.028827,0.030715,-0.0089469
0.022754,0.045926,-0.11065,0.074547,0.005211,-0.025678,0.024725,-0.0095888,-0.0066694,0.0019817,-0.0074414,0.021586,0.007382,-0.012048,-0.011729,0.0096454,0.0045686,-0.020229,0.020069,0.026788,-0.052025,0.0071214,0.01843,-0.013715,0.015469,0.010562,-0.016355,-0.021583,0.0050763,0.025153,-0.014152,-0.0097997,0.025936,-0.023062,0.0015202,0.016941,-0.023475,0.009651,-0.0029283,0.014949,-0.0061231,-0.001911,0.019243,-0.032366,-0.0018041,0.0087531,0.018587,-0.018172,0.00076961,-0.017184,0.015497,0.00074024,0.0017124,-0.010297,-0.01087,0.032798,-0.033999,0.024879,-0.012213,-0.012902
-0.029141,-0.045096,0.09956,-0.073632,0.020326,0.010427,-0.036828,0.048289,-0.015022,-0.014202,0.034963,-0.054851,0.024183,-0.00020282,0.017382,-0.016432,-0.00013944,0.020381,-0.028793,-0.0005024,0.014313,0.0013059,-0.012135,0.031281,-0.024121,-0.0092654,-0.0003696,0.032405,-0.016939,-0.0089472,0.0060314,-0.0073543,0.010759,-0.017526,0.033732,-0.024084,-0.0075667,0.022036,-0.0011741,-0.013797,-0.0053756,0.0099598,-0.038067,0.073004,-0.047549,0.045937,-0.071038,0.027501,0.013205,0.0063877,-0.017761,0.0049371,0.0091072,-0.013656,0.028731,-0.051433,0.051667,-0.019759,-0.013598,0.03855
0.031629,0.016574,-0.058296,0.051359,-0.018697,0.00045245,0.016524,-0.035606,0.011004,0.020722,-0.038839,0.036967,0.0080656,-0.035559,0.017426,-0.0081494,0.00097866,-0.017474,0.029373,-0.012698,0.0015736,0.0030136,0.00080507,-0.034141,0.024791,0.0074438,0.0028355,-0.029909,0.034108,-0.039654,0.03295,-0.0020837,-0.015652,0.033235,-0.045785,0.029147,0.011008,-0.018167,-0.023533,0.050996,-0.031372,0.010111,0.012594,-0.03505,0.035745,-0.047852,0.058881,-0.016552,-0.021061,-0.0035047,0.04455,-0.045172,0.025509,-0.012822,-0.011063,0.056909,-0.057273,0.0083081,0.030952,-0.040575
-0.043559,0.0049565,0.042955,-0.026487,0.0078,-0.004587,0.00017025,0.012166,0.013483,-0.053745,0.053493,-0.014625,-0.028333,0.048557,-0.034538,0.017056,-0.0020594,0.0076485,-0.0091522,-0.0089858,0.010903,-0.0077654,0.010501,0.036543,-0.046195,0.0081767,-0.0059457,0.010475,-0.020548,0.047335,-0.038983,0.019257,-0.0066632,0.0013307,0.0036942,-0.0068744,-0.012,-0.0094865,0.076406,-0.10468,0.084225,-0.057236,0.041439,-0.026534,0.011131,-0.0068997,0.0045891,-0.026911,0.055549,-0.014929,-0.050994,0.075153,-0.068478,0.051083,-0.0085316,-0.046885,0.048564,-0.010685,-0.014778,0.013432
0.020837,0.033266,-0.056865,0.034092,-0.023041,0.0031618,0.016567,-0.024113,0.0059311,0.038239,-0.052389,0.03711,-0.026521,0.014499,-0.012122,-0.0027619,-0.0068837,0.02239,-0.026955,0.041274,-0.029408,0.011846,-0.018056,-0.028314,0.046434,-0.01757,0.010715,0.0094037,-0.012814,-0.0073971,0.0081909,-0.0023121,0.0056017,-0.016765,0.016798,-0.0047311,0.0073997,0.02284,-0.067603,0.071832,-0.064452,0.061501,-0.059192,0.053249,-0.047207,0.034999,-0.0082338,0.0088885,-0.031646,-0.0027455,0.041801,-0.066422,0.066558,-0.043439,0.00034255,0.036676,-0.042591,0.02271,-0.016922,0.014323
0.0057836,-0.051899,0.066003,-0.059363,0.036201,-0.0022872,-0.019459,0.031944,-0.046775,0.010809,0.025505,-0.039221,0.058191,-0.063808,0.036286,0.0062997,-0.0075531,-0.010765,0.0038111,-0.011873,0.018828,-0.008122,0.014224,0.0086007,-0.022779,0.011892,-0.0082409,-0.015916,0.023924,0.0036995,-0.013854,0.016297,-0.016793,0.010828,-0.016367,0.0086629,-0.00034614,-0.013164,0.023878,-0.016473,0.012073,-0.034068,0.053352,-0.065805,0.07054,-0.050692,0.0092061,8.7733e-05,0.0070802,0.0081938,-0.011573,0.028149,-0.02481,-0.0079557,0.036954,-0.029285,0.012077,0.0091165,-0.010722,0.011473
-0.012315,0.031576,-0.066373,0.070905,-0.054834,0.037877,-0.0036542,-0.034663,0.064063,-0.029408,-0.022584,0.042124,-0.05215,0.029299,0.016494,-0.048982,0.04368,-0.022722,0.04894,-0.037333,-0.0047444,0.00036984,0.0054033,-0.00057221,0.011618,-0.012319,0.010041,0.0066126,-0.01235,-0.011286,0.035339,-0.054499,0.044233,-0.026332,0.038365,-0.034399,0.02451,-0.021755,0.0017586,-0.00089238,0.0076422,0.022513,-0.043324,0.036858,-0.022013,0.0085782,0.014027,-0.016316,0.0076696,9.358e-05,-0.0093907,0.0037742,-0.0084759,0.05477,-0.069005,0.034439,-0.013522,-0.0066042,0.032402,-0.033159
0.014348,-0.032588,0.063841,-0.066146,0.068877,-0.058182,0.0091094,0.030722,-0.05269,0.022457,0.044015,-0.062738,0.036823,0.016422,-0.053464,0.059879,-0.046301,0.028869,-0.048074,0.035197,0.0070937,0.0024622,-0.013877,-0.010212,0.0022779,0.00099458,-0.013462,0.030661,-0.026192,0.0273,-0.039218,0.04318,-0.026893,0.0088953,-0.019162,0.023616,-0.014572,0.011299,0.0031095,0.0072553,-0.031899,0.029718,-0.011902,0.013998,-0.027492,0.028707,-0.036476,0.029364,-0.016129,0.0055546,0.016952,-0.029273,0.028966,-0.063696,0.059423,-0.023376,0.023349,-0.012428,-0.017124,0.018828
0.0033976,0.023846,-0.028382,0.036876,-0.044863,0.041494,0.0016665,-0.017198,0.023998,0.0032275,-0.063069,0.059326,-0.0056609,-0.035584,0.039919,-0.020371,0.013322,-0.0012437,0.018399,-0.028813,-0.0073774,0.023738,-0.02017,0.036826,-0.01655,0.011053,0.0049841,-0.03335,0.02538,-0.0085056,0.0064033,-0.0043394,-0.01219,0.037846,-0.037331,0.028133,-0.028857,0.018226,-0.028277,0.026399,0.016995,-0.05722,0.0488,-0.03494,0.016615,0.0051415,-0.010799,0.0052027,0.020768,-0.032059,-0.004784,0.030975,-0.028234,0.050374,-0.03558,-0.00079117,-0.011488,0.0056375,0.014238,-0.041177
0.00064935,-0.01646,0.01973,-0.026635,0.026149,0.011668,-0.056519,0.044246,-0.027985,0.00043388,0.043122,-0.026851,-0.033291,0.061649,-0.04653,0.011335,0.0069583,-0.0306,0.005266,0.038395,-0.018354,-0.019102,0.026068,-0.03588,0.011013,-3.6671e-05,-0.0081146,0.026039,-0.019514,-0.006332,0.0081851,-0.0056331,0.012464,-0.030507,0.042224,-0.046959,0.042026,-0.02491,0.036663,-0.051198,0.02081,0.02273,-0.033223,0.014402,0.026071,-0.036834,0.025072,-0.022196,-0.0011501,0.017602,0.0043275,-0.014113,0.011334,-0.034031,0.023181,0.006818,-0.0061092,0.0065018,-0.027459,0.053394
-0.024583,0.026418,-0.032029,0.038815,-0.013488,-0.051694,0.068589,-0.036393,0.016358,-0.0036855,-0.023452,0.0031257,0.041482,-0.050059,0.033008,-0.017325,-0.0031376,0.031345,-0.010893,-0.032037,0.030479,-0.018855,0.020935,-0.011353,0.019784,-0.020385,0.0046296,-0.014006,0.027962,-0.01428,0.0046113,0.0078087,-0.0094936,-0.002683,-0.0021648,0.025729,-0.023115,0.0065198,-0.018235,0.03156,-0.010033,-0.02297,0.033737,-0.0028922,-0.047908,0.044935,-0.032843,0.052159,-0.043101,0.013889,-0.012596,0.010288,-0.013258,0.04841,-0.050193,0.015984,-0.0033817,0.009799,0.012915,-0.0087537
0.03259,-0.055511,0.086502,-0.087113,0.033591,0.041249,-0.052753,0.01942,-0.0037604,-0.0018252,-0.0037612,0.024272,-0.024621,0.0035553,0.0034035,0.00055661,0.00073035,-0.011792,0.013382,0.004459,-0.02626,0.033221,-0.025512,0.026435,-0.030003,0.025123,0.0030898,-0.0055236,-0.030568,0.044322,-0.030388,-0.0010846,0.0015107,0.034384,-0.027068,0.00033176,-0.012381,0.022715,-0.015526,0.0070084,-0.0075508,0.015086,-0.021288,0.011963,0.019863,-0.030498,0.022088,-0.042233,0.053889,-0.023756,0.014582,-0.01703,0.039043,-0.076909,0.071308,-0.028236,0.0096242,-0.0096445,0.0016513,-0.018353
-0.017684,0.046605,-0.055188,0.06378,-0.053658,0.020605,-0.01618,0.020997,-0.0095575,-0.0065559,0.026268,-0.024858,0.0062471,-0.0065408,0.013268,-0.0026606,-0.0056329,0.030787,-0.044543,0.013416,0.025693,-0.028471,0.028205,-0.042097,0.036343,-0.020485,-0.010079,0.034004,-0.024039,0.015605,-0.018184,0.028002,-0.00061936,-0.039555,0.026934,0.011031,-0.0132,-0.0024821,0.010568,-0.00068652,-0.006614,0.0038016,0.0089089,-0.036141,0.033491,-0.0093192,0.0051498,0.021375,-0.027542,-0.018388,0.01823,0.013101,-0.042834,0.084522,-0.095311,0.063078,-0.046223,0.035056,-0.018695,-0.0010458
