0.018184,-0.01495,-0.011121,0.007518,0.031374,-0.066833,0.056808,-0.016445,-0.0051827,0.017341,-0.035146,0.024214,0.0033421,-0.0059899,0.0048849,-0.0052921,-0.026124,0.049923,-0.010423,-0.047922,0.057062,-0.020649,-0.015896,0.020299,-0.0019426,-0.0038867,-0.011949,0.027904,-0.03454,0.037137,-0.025438,-0.0061684,0.023282,-0.0058222,-0.0067741,-0.0024768,-0.00045614,0.010516,0.0016608,-0.016996,0.013653,-0.00036494,-0.015227,0.020059,-0.0086195,-0.0012988,0.0077279,-0.010026,-0.0033724,0.0060691,0.012134,-0.012911,0.02093,-0.072144,0.096229,-0.063374,0.043618,-0.033963,0.00028325,0.007574
-0.00095217,0.007068,0.016931,-0.023877,-0.0046129,0.041459,-0.036449,-0.0066079,0.027492,-0.025206,0.031824,-0.031505,0.0157,0.0047132,-0.019833,-0.0074357,0.065808,-0.066078,-0.010271,0.081176,-0.082133,0.021354,0.025755,-0.010107,-0.007167,-0.024597,0.057527,-0.058202,0.051232,-0.048909,0.028128,0.028736,-0.068902,0.03346,0.017798,-0.025066,0.034295,-0.041414,0.0053091,0.016803,0.0011067,-0.0094799,0.01828,-0.028361,0.0026176,0.019652,-0.0094368,0.0010428,0.0075234,-0.0047571,-0.019754,0.0014855,0.023033,0.045959,-0.10247,0.043995,0.0034209,0.012579,-0.00047079,-0.019207
0.0014506,-0.024207,0.01332,-0.015065,0.0096618,0.015739,-0.033389,0.031119,-0.015766,0.014188,-0.037132,0.051006,-0.037053,0.0012396,0.033547,-0.012135,-0.046688,0.032989,0.055099,-0.098598,0.050767,0.024488,-0.048599,0.025353,-0.038059,0.089907,-0.089585,0.036142,-0.0013112,-0.014835,0.048672,-0.094968,0.10893,-0.062644,0.0036646,0.026369,-0.049612,0.047035,-0.0032508,-0.008946,-0.014554,0.011251,-0.010576,0.02133,0.0028164,-0.016672,0.0015887,-0.017011,0.027495,-0.0043399,0.0028932,0.0056618,-0.028623,-0.015032,0.051553,0.011616,-0.054396,0.028481,-0.033973,0.041645
-0.025588,0.030863,-0.0092115,0.021466,-0.02417,-0.020705,0.044415,-0.0095905,-0.015802,-0.011026,0.035804,-0.022465,0.0080095,0.004423,-0.035331,0.033914,0.013076,-0.012183,-0.054348,0.085788,-0.040206,-0.024713,0.049956,-0.04343,0.06015,-0.088515,0.05888,0.0002518,-0.011811,0.0093093,-0.049248,0.094964,-0.10057,0.072742,-0.026938,-0.030938,0.073525,-0.054906,-0.00089131,0.0023472,0.044051,-0.046428,0.013099,-0.0048882,0.010361,-0.015287,0.021556,-0.0057617,-0.018863,0.021443,-0.016213,0.0069999,0.0058986,0.0016905,-0.002388,-0.029303,0.041602,-0.029998,0.035576,-0.020439
0.039922,-0.013551,-0.024958,0.017067,0.0019285,0.028934,-0.042545,-0.0031837,0.018346,0.015088,-0.0092091,-0.025186,0.019873,-0.012972,0.040127,-0.035471,-0.0048208,-0.0091771,0.068827,-0.078798,0.028815,0.019835,-0.029881,0.009293,-0.006175,0.033598,-0.030686,-0.0054372,0.00016163,0.032855,-0.019021,-0.024998,0.044588,-0.03797,0.0091324,0.043696,-0.07999,0.052375,0.0026933,0.00568,-0.063816,0.063308,-0.01178,0.0095993,-0.040774,0.038712,-0.026717,0.021701,0.00027082,-0.020863,0.023404,-0.020801,0.0072589,0.007469,-0.0014149,-0.0071878,0.014005,-0.036006,0.049482,-0.044655
-0.021945,-0.012523,0.046191,-0.051598,0.043893,-0.060827,0.059803,-0.019905,-0.0010366,0.0017485,-0.024874,0.03996,-0.014462,-0.0032592,-0.012923,0.0134,0.0059704,0.017973,-0.069685,0.062965,-0.0052693,-0.020366,-0.0048716,0.034626,-0.025508,-0.020275,0.045091,-0.022109,0.0021654,-0.0091859,0.0094481,0.0018928,-0.0067904,0.0070713,0.0021966,-0.0292,0.047806,-0.022037,-0.026354,0.031881,-0.00068309,-0.00027813,-0.0077668,-0.028412,0.05375,-0.030445,0.014254,-0.0074179,-0.01515,0.020419,-0.018498,0.031583,-0.010882,-0.025058,0.0051375,0.029868,-0.040963,0.071761,-0.096533,0.066233
-0.011899,0.049587,-0.049625,0.048625,-0.048946,0.035693,-0.017166,0.0021196,0.01318,-0.028728,0.03939,-0.038458,0.017359,0.011068,-0.015442,0.0055081,-0.014706,0.018404,0.0091913,-0.019285,-0.0036979,-0.00051636,0.030016,-0.020675,-0.02409,0.053107,-0.052345,0.036457,-0.016385,-0.0089867,0.035021,-0.038297,0.023949,-0.028402,0.037149,-0.0090157,-0.024917,0.0085967,0.040636,-0.070015,0.068473,-0.050841,0.014779,0.031045,-0.043819,0.020081,-0.011018,0.01614,0.0047143,-0.03155,0.036475,-0.031462,0.0048591,0.036149,-0.033182,1.9692e-05,0.0030569,-0.0079872,0.043931,-0.043319
0.015823,-0.058615,0.023025,-0.0029435,0.0055597,0.020843,-0.046008,0.035548,-0.017513,0.013359,-0.015063,0.019702,-0.027761,0.029675,-0.019893,0.0035432,0.01551,-0.026383,0.016206,-0.0036976,0.0063282,0.0021421,-0.021552,0.00035533,0.056002,-0.071726,0.022789,0.025623,-0.01911,-0.0045107,-0.010655,0.034186,-0.032003,0.043828,-0.061768,0.026844,0.018323,-0.0035756,-0.02981,0.034075,-0.032377,0.033773,-0.017071,-0.017387,0.03915,-0.027721,0.016018,-0.026596,0.014035,0.023961,-0.027239,0.0038824,0.014219,-0.040939,0.050562,-0.029429,0.032734,-0.03117,-0.032031,0.056924
0.020981,0.0002548,0.027355,-0.03805,0.027819,-0.028858,0.035034,-0.017012,-0.018307,0.035639,-0.032413,0.012798,0.0402,-0.083125,0.052373,-0.0016186,0.0033497,-0.018582,0.013577,-0.012902,0.010005,-0.0050811,0.026553,-0.035688,-0.012069,0.043457,0.01857,-0.10412,0.10001,-0.026024,-0.014734,0.0053496,0.0029246,-0.011329,0.027834,-0.014712,-0.0097101,-0.011097,0.031693,0.011407,-0.047026,0.0021502,0.044434,-0.011788,-0.040291,0.046077,-0.0352,0.02752,-0.0094401,0.0063933,-0.026253,0.032404,-0.03605,0.055268,-0.049146,0.019724,-0.0038868,-0.033049,0.09205,-0.085636
-0.060153,0.064949,-0.043966,0.032433,-0.032149,0.020158,-0.015925,0.014325,0.010981,-0.038271,0.041656,-0.0054726,-0.069193,0.095108,-0.024275,-0.024202,-0.010571,0.02659,-0.0057382,0.019902,-0.040912,0.036761,-0.054249,0.072948,-0.037063,0.0016698,-0.033567,0.086633,-0.092012,0.052649,-0.011664,-0.0073242,0.014177,-0.015268,0.0044,-0.0011262,0.013672,-2.4373e-05,-0.023183,-0.024572,0.089383,-0.04291,-0.042436,0.016232,0.062597,-0.075077,0.047717,-0.025862,0.011489,-0.027359,0.055902,-0.053775,0.049032,-0.061818,0.051354,-0.010606,-0.036837,0.075067,-0.076836,0.056613
0.071048,-0.077935,0.023275,-0.015147,0.032428,-0.026464,0.036643,-0.062542,0.052324,-0.017437,0.0049751,-0.031994,0.073876,-0.067084,0.0026081,0.031855,-0.01156,0.012189,-0.030165,0.0015291,0.038099,-0.040014,0.048002,-0.068836,0.048806,-0.015568,0.023553,-0.034877,0.018472,-0.011014,0.011385,0.010058,-0.027581,0.016659,-0.0049,0.01152,-0.021955,0.021132,-0.019563,0.044723,-0.076527,0.054803,-0.0071697,0.026287,-0.088952,0.087595,-0.020708,-0.02408,0.01412,0.020333,-0.049076,0.05367,-0.037439,0.034847,-0.049734,0.023574,0.042559,-0.045737,-0.015688,0.0067993
-0.045526,0.058005,-0.0091208,0.014177,-0.035447,0.022525,-0.027236,0.061004,-0.075943,0.068318,-0.05552,0.039858,-0.037149,0.040725,-0.0095382,-0.038734,0.048449,-0.039418,0.043382,-0.024469,-0.015061,0.028311,-0.03811,0.063593,-0.05544,0.02705,-0.034936,0.039925,-0.0017104,-0.026272,0.023259,-0.029111,0.03505,-0.016406,0.0040748,-0.017387,0.025362,-0.020808,0.029761,-0.040481,0.026345,-0.0099046,0.014924,-0.029879,0.049754,-0.048031,-0.015011,0.078033,-0.054454,-0.0055198,0.028542,-0.030546,0.01955,-0.0078242,0.0313,-0.030342,-0.032485,0.030511,0.0544,-0.048367
0.014216,-0.03514,0.0063666,-0.01937,0.039511,-0.013849,0.002834,-0.033954,0.067967,-0.091991,0.080578,-0.027108,0.0098591,-0.035836,0.007747,0.057007,-0.063972,0.039627,-0.0404,0.039186,-0.017733,-0.0074516,0.031612,-0.048857,0.058388,-0.065072,0.059546,-0.042269,0.016919,0.015314,-0.015948,-0.02273,0.032895,-0.0078702,0.00039,0.010038,-0.033635,0.019078,0.0076888,0.0032888,-0.0098632,-0.00754,0.01292,-0.0097291,0.0054825,-0.0066756,0.044241,-0.073125,0.029951,0.016046,-0.012055,0.023185,-0.044306,0.022812,-0.010007,0.021037,0.0059856,-0.020289,-0.033438,0.048498
-0.028981,0.032937,-0.021212,0.039863,-0.033039,-0.0057436,-0.012211,0.059871,-0.072013,0.083962,-0.078896,0.024943,-0.0070023,0.03367,-0.01136,-0.031081,0.029072,-0.017006,0.019667,-0.038858,0.072335,-0.07184,0.036942,-0.012833,-0.022016,0.059029,-0.04676,0.028964,-0.028795,0.0033856,-0.017672,0.1012,-0.1176,0.049012,-0.014271,0.0018694,0.026408,-0.013187,-0.023049,0.011049,0.019133,-0.015009,-0.010085,0.023097,-0.016314,0.024275,-0.060329,0.0588,0.0027373,-0.040932,0.033725,-0.051138,0.078735,-0.046521,-0.0019235,-0.0037007,0.020042,-0.010286,0.0092377,-0.0022965
0.052935,-0.035684,0.039536,-0.053041,0.0027862,0.041246,0.014207,-0.066114,0.045262,-0.037933,0.04699,-0.027065,0.022875,-0.035645,0.024449,-0.012703,0.0082347,-0.0035316,0.015764,-0.0038195,-0.053657,0.080071,-0.060767,0.046971,-0.029437,0.0021322,0.022185,-0.054421,0.056188,-0.015424,0.02572,-0.086906,0.088727,-0.038628,0.0092773,0.0029662,-0.0045078,-0.012231,0.024074,-0.023443,0.017979,-0.01207,0.028647,-0.056948,0.046776,-0.015003,0.021159,-0.042944,0.016721,0.037301,-0.053776,0.043223,-0.047928,0.041955,-0.0081932,-0.0041237,-0.012523,0.01351,0.010445,-0.041845
-0.010495,-0.0078648,-0.0080371,0.026646,0.010056,-0.032194,-0.012416,0.036787,-0.015049,0.0088837,-0.014223,0.026262,-0.057831,0.055924,-0.015322,0.00074616,-0.0047296,0.010814,-0.043759,0.066115,-0.050575,0.042761,-0.036828,0.00084514,0.030485,-0.023938,-0.016932,0.058594,-0.046539,0.0089589,-0.017425,0.0302,0.0012406,-0.022095,0.018989,-0.02274,0.00037232,0.047627,-0.057317,0.033849,-0.028994,0.047233,-0.069884,0.078203,-0.050915,0.0029931,0.010661,0.023273,-0.037753,0.0014935,0.013543,0.014923,-0.0075656,-0.039336,0.050298,-0.028985,0.02282,-0.024169,0.0083926,0.013924
-0.045927,0.053477,-0.033711,-0.0071633,0.015814,-0.0079213,0.029845,-0.047567,0.034644,-0.018339,0.0077665,-0.023942,0.066731,-0.054348,-0.012957,0.027061,0.0097705,-0.029698,0.050432,-0.075163,0.068988,-0.053784,0.044716,-0.021113,-0.0019003,0.0055124,0.00055085,-0.0040048,-0.009592,0.022898,-0.0055084,-0.0023267,-0.031011,0.052882,-0.049081,0.044935,-0.00016666,-0.076552,0.072322,0.01379,-0.040996,-0.01915,0.046858,-0.0052807,-0.020434,0.0027461,0.016785,-0.037262,0.053459,-0.03518,0.018537,-0.031227,0.0096148,0.053798,-0.083431,0.078214,-0.080875,0.079391,-0.06154,0.045613
0.02768,-0.021473,0.017454,0.0059102,-0.0070184,-0.015741,-0.003187,0.034667,-0.018084,-0.0014101,-0.012373,0.030112,-0.034611,0.0086474,0.032869,-0.021413,-0.026241,0.033241,-0.025014,0.032822,-0.001008,-0.058932,0.067191,-0.03276,0.0097143,-0.0044157,0.013907,-0.030903,0.031389,-0.021605,0.020043,-0.01151,-0.0015481,-0.020014,0.064448,-0.059676,-0.012302,0.068816,-0.031581,-0.053599,0.069337,-0.011677,-0.0088247,-0.023975,0.028515,-0.0080267,0.00018899,0.025787,-0.051272,0.022269,0.007814,0.0016941,0.011226,-0.047396,0.060853,-0.079099,0.10202,-0.08532,0.05577,-0.042376
0.031018,-0.038451,0.0012475,0.030496,-0.050843,0.067157,-0.054355,0.041415,-0.055321,0.03553,0.027789,-0.049137,0.013996,0.014614,-0.018077,0.008817,0.0057472,-0.0070507,-0.0034892,0.0077317,-0.018476,0.041649,-0.050587,0.040035,-0.019386,-0.0049868,-0.00028168,0.030821,-0.017931,-0.025504,0.024535,-0.017037,0.047346,-0.031434,-0.039845,0.04268,0.023316,-0.039811,-0.0029456,0.032845,-0.029062,0.0061642,0.02015,-0.028983,0.007177,0.030354,-0.039149,0.0095726,0.00075882,0.022241,-0.022792,0.003163,-0.0016622,0.003616,-0.013289,0.047191,-0.050716,0.01016,0.0054017,-0.0041348
-0.060838,0.058016,0.0074779,-0.057803,0.067955,-0.056891,0.044713,-0.052804,0.055467,-0.0060596,-0.05488,0.052744,-0.016232,0.016166,-0.031817,0.013612,0.0062078,0.0072234,-0.0035963,-0.037648,0.039021,0.016554,-0.038453,0.010834,-0.0077356,0.023913,-0.0039693,-0.02431,0.0080159,0.033696,-0.055637,0.053771,-0.050894,0.046166,-0.025776,0.018971,-0.042453,0.030997,0.031836,-0.050629,0.0064508,0.019938,-0.021886,0.019146,0.017493,-0.044819,0.0081407,0.011201,0.030796,-0.041658,0.0081946,0.0047926,-0.02092,0.043212,-0.0095007,-0.024192,-0.023359,0.062966,-0.027783,0.016855
0.050981,-0.053476,0.010962,0.022588,-0.038145,0.025785,0.0056648,-0.013376,0.011803,-0.037631,0.053072,-0.031826,0.020563,-0.040927,0.061444,-0.052136,0.019464,-0.014686,0.037799,-0.0068686,-0.058838,0.049549,0.0064243,-0.018534,0.0056981,0.0072726,-0.022245,0.0082048,0.01296,-0.0049988,0.0074278,-0.015803,0.0013621,-0.022311,0.077123,-0.089363,0.065069,-0.0010281,-0.10104,0.096963,0.027366,-0.064191,0.0052135,-0.00077183,0.0048316,0.031658,-0.021299,-0.0046992,-0.023236,0.035999,-0.011246,-0.0053828,0.033515,-0.048628,0.011731,-0.021331,0.10692,-0.1169,0.03235,-0.0068435
-0.019966,0.035102,-0.028771,0.0032129,0.023294,-0.017429,-0.017032,0.032906,-0.025202,0.022087,-0.018847,0.01635,-0.025266,0.029941,-0.040485,0.055298,-0.022253,0.0061724,-0.11048,0.18443,-0.071355,-0.048786,0.014372,0.036792,0.0071909,-0.072647,0.081995,-0.031157,-0.022257,0.027893,-0.014705,0.0013478,0.019658,0.0047952,-0.079047,0.10832,-0.056372,-0.039466,0.10366,-0.036746,-0.087601,0.079708,0.00095625,0.011774,-0.033772,-0.031018,0.071747,-0.043105,0.031039,-0.040634,0.019331,0.025372,-0.04602,0.021037,-0.0091909,0.08104,-0.17224,0.16135,-0.070253,0.01394
-0.00088212,-0.014614,0.0095318,0.0095051,-0.012585,0.003863,0.0039307,-0.0068962,0.0014976,0.0036582,0.001415,-0.0097571,0.013575,-0.014667,0.016214,-0.014944,0.013014,-0.056872,0.18736,-0.29945,0.23158,-0.064926,0.042552,-0.13308,0.07951,0.10307,-0.16595,0.088181,-0.012649,-0.057608,0.11613,-0.07398,-0.00095577,-0.01732,0.061213,-0.043361,0.0099072,0.0012292,0.021959,-0.08441,0.1054,-0.041594,-0.013769,0.017389,-0.01956,0.019768,-0.0067835,0.013194,-0.03454,0.036004,-0.0049208,-0.04552,0.061293,-0.019271,0.0047676,-0.076537,0.15488,-0.15053,0.078414,-0.012073
-0.0012334,0.018023,-0.0028209,-0.0069963,-0.0039159,0.0021372,0.0045322,0.0037033,-0.0052169,0.0015809,-0.0092129,0.0029147,0.0080064,0.012092,-0.014233,-0.011513,-0.033214,0.11631,-0.13704,0.16348,-0.17703,0.054049,-0.0019546,0.17272,-0.18364,-0.083216,0.17772,-0.057546,0.032195,0.0044002,-0.12442,0.088269,0.0085375,0.038025,-0.039321,-0.059566,0.047786,0.033969,-0.072197,0.11112,-0.091277,-0.012753,0.043378,0.0054457,-0.019864,0.029666,-0.045999,0.011004,0.025527,-0.015035,-0.0049354,0.032606,-0.061886,0.043888,-0.0084706,0.028139,-0.080559,0.087917,-0.036274,-0.0078052
0.0060184,-0.019668,0.010511,0.0010477,-0.0030959,0.010006,-0.0057564,-0.011449,0.011251,-0.0058586,0.013517,-0.0064823,-0.0049622,-0.0094594,0.0077596,0.0071784,0.035178,-0.062721,-0.0030339,0.023761,0.015548,0.054693,-0.089043,-0.082155,0.13712,0.049154,-0.08395,-0.045674,0.021126,0.036933,0.02178,-0.022957,-0.0029106,-0.039165,-0.0057706,0.089192,-0.047925,0.020013,-0.03248,-0.055202,0.067832,0.095275,-0.13448,-0.013311,0.08397,-0.043807,0.014086,0.0018052,-0.010327,0.0088758,-0.015679,0.0019324,0.033797,-0.037527,0.015805,-0.011127,0.023803,-0.033846,0.022772,-0.0019228
-0.006974,0.0057531,-0.0062862,-0.0084401,0.011633,-0.0016896,-0.0048044,0.0092156,-0.0053821,-0.0025631,-0.0044515,0.011416,-0.0019803,-0.0056957,0.0067455,-0.0054535,0.00035564,-0.015946,0.04713,-0.044201,0.034089,-0.066008,0.068612,-0.0054093,-0.011619,-0.035346,0.015229,0.074112,-0.097277,0.027601,0.034075,-0.015383,-0.036995,0.015712,0.048567,-0.017526,-0.044098,-0.018071,0.067801,0.02722,-0.026268,-0.17047,0.22388,-0.0099101,-0.16571,0.16121,-0.11357,0.078203,-0.030821,-0.0083209,0.03174,-0.03723,0.013333,0.009878,-0.0053583,-0.0094689,0.013779,0.0046301,-0.031641,0.028451
0.0067024,-0.0044133,0.011436,-0.00011488,-0.0014524,-0.014169,0.010845,-0.0061181,0.0048533,0.010997,-0.0087435,-0.0048696,-0.0090479,0.0196,-0.012708,0.016944,-0.021174,0.017632,-0.013687,0.0055209,-0.010721,0.022471,-0.017626,0.024249,-0.036694,0.026616,-0.018503,-0.02364,0.10393,-0.075459,-0.029719,0.014083,0.041317,0.012245,-0.041945,-0.03931,0.10352,-0.071838,0.011861,-0.02327,0.024542,0.11188,-0.089561,-0.36139,0.7418,-0.58621,0.25673,-0.10341,0.010756,0.042619,-0.026159,0.040112,-0.044552,-0.0016851,-0.010977,0.056288,-0.040921,0.013314,-0.0022081,-0.01056
-0.0014022,0.0052539,-0.0067294,0.0058275,0.0022171,-0.0008446,-0.004641,0.0056573,0.00060558,-0.0094906,0.0060079,-0.0016623,0.0073308,-0.0091386,0.012566,-0.017371,0.010811,-0.0080572,0.0071509,-0.00047774,0.0090041,-0.015023,0.010372,-0.025515,0.021464,0.0051488,0.014731,-0.02162,-0.019891,0.010975,-0.010735,0.075376,-0.05046,-0.026201,0.0038378,0.024291,-0.044291,0.098449,-0.03891,-0.026671,-0.053597,0.038122,-0.14913,0.83946,-1.3519,0.86153,-0.12026,-0.090227,0.11767,-0.1689,0.079679,-0.009537,0.030731,-0.0015021,-0.0052242,-0.043232,0.031422,-0.010143,0.03353,-0.026452
0.0042769,-0.0033192,-0.019437,0.0054551,-0.0065186,0.020722,0.0012269,-0.008017,-0.0075867,-0.0088369,0.015105,0.0048263,0.0041292,-0.0088124,-0.010219,-0.00042314,0.0071188,0.011778,0.0047039,-0.017876,-0.0083066,-0.0021088,0.021111,0.0077818,-0.0041465,-0.025035,-0.001959,0.044462,-0.079108,0.06706,0.08814,-0.2008,0.070963,0.032671,0.03671,-0.03027,0.0018255,-0.088534,0.045362,0.074603,0.019446,-0.10213,0.12367,-0.49864,0.84989,-0.44874,-0.21952,0.37003,-0.2681,0.26747,-0.16875,0.0086071,0.005455,0.0015836,0.041778,-0.024287,-0.00091836,-0.0153,-0.0067255,0.026461
-0.01532,0.01914,0.011054,0.0013808,-0.0048965,-0.017079,0.0029553,0.0071082,-0.00059399,0.022208,-0.023326,-0.0026121,-0.0026023,0.0066092,0.0013482,0.01208,-0.0085639,-0.0033689,-0.01646,0.016304,-0.0025733,0.03069,-0.044737,0.018761,-0.0071077,0.0075043,-0.0041766,-0.031452,0.11214,-0.091701,-0.061126,0.085455,0.041333,-0.031984,-0.086698,0.083631,-0.04578,0.099254,-0.084258,-0.033682,0.02596,0.060477,0.055901,-0.21635,0.11473,-0.068101,0.38552,-0.61551,0.42829,-0.17837,0.08315,-0.016645,-0.019063,0.018305,-0.043483,0.039749,-0.010586,0.01783,-0.0054919,-0.015171
0.015416,-0.022843,0.01634,-0.014174,0.0033481,0.0068061,-0.0042684,0.00053582,0.0070445,-0.013503,0.0085431,-0.007483,0.0055092,0.0022158,0.0062305,-0.0087167,-0.0078403,0.0041946,-6.1111e-05,0.01421,0.0013029,-0.020185,0.0038464,-0.00098781,0.0037465,0.0017183,0.025374,-0.0082627,-0.082448,0.10655,-0.1093,0.19962,-0.19443,0.018467,0.10138,-0.095414,0.062757,-0.034828,0.029338,-0.021897,0.00074046,-0.0018286,-0.10457,0.2891,-0.17018,-0.078161,-0.18117,0.63572,-0.48653,-0.0035518,0.14819,-0.04416,0.019994,-0.032025,0.015775,-0.013848,0.009077,0.019962,-0.038654,0.018261
-0.011515,0.0013685,-0.0075923,0.0087528,0.010146,-0.0039653,-0.0069972,-0.0042029,0.00011247,0.0062649,0.0040887,0.0051082,-0.012469,-0.0030834,-0.0014677,0.0047565,0.015971,-0.0096334,-0.0032533,-0.011514,0.0064223,0.00088467,0.024766,-0.027459,0.0052479,0.0049966,-0.021088,0.013472,0.042842,-0.10725,0.18597,-0.2316,0.14369,-0.016237,-0.035272,0.063962,-0.044487,-0.04691,0.063026,0.0002468,-0.011678,-0.033105,0.13223,-0.16039,-0.12768,0.41234,-0.12726,-0.35844,0.30183,0.085414,-0.1979,0.080601,-0.027288,0.024332,-0.0027104,0.004685,-0.011951,-0.023471,0.04519,-0.010852
0.0051263,0.003192,-0.0024216,-0.0086159,-0.0027994,0.0042428,0.0082183,0.0025611,-0.0048288,-0.0066487,-0.0045326,0.0059015,0.0068282,0.0027829,-0.0025569,-0.0053299,-0.020276,0.036378,-0.026264,0.027624,-0.016095,-0.0035799,-0.010796,0.018166,-0.00021016,0.00058515,-0.0027651,-0.0058097,-0.013006,0.053409,-0.073911,0.049183,-0.011653,0.020777,-0.019548,-0.047624,0.068739,-0.017205,-0.0095031,0.033389,-0.039986,0.023981,-0.18383,0.35071,-0.064094,-0.30783,0.091756,0.29944,-0.21412,-0.035848,0.041194,0.015432,0.0081531,-0.011471,-0.017865,0.018904,0.014757,-0.034194,0.013221,0.00056433
0.015407,0.0048907,-0.0062639,0.0071887,-0.011047,0.0010757,0.0031966,-0.0019746,0.0066503,-0.0047916,0.00011145,0.00077816,-0.0018561,-4.2609e-05,-0.0051287,0.0069147,0.036027,-0.10386,0.13037,-0.095862,0.03572,-0.0097125,0.02201,-0.0090396,-0.024658,0.033471,-0.041933,0.048387,-0.029291,0.029986,-0.033641,-0.0098012,0.023761,0.015179,-0.019688,0.026108,-0.098575,0.1456,-0.073453,-0.051883,0.056454,0.020704,0.12973,-0.36795,0.16306,0.15367,0.16976,-0.65502,0.46877,-0.04906,0.024844,-0.098367,0.018814,-0.00039107,0.054616,-0.040544,-0.016048,0.052339,-0.039007,-0.0067069
-0.026678,-0.0035599,0.0029596,0.0091764,0.012465,-0.010416,-0.0056817,0.0034772,-0.015217,0.019351,0.0031442,-0.0073338,-0.0010725,-0.0024242,0.0044305,-0.0017658,-0.031814,0.11039,-0.15381,0.10989,-0.044268,0.027319,-0.039856,0.005527,0.082074,-0.13152,0.1118,-0.082849,0.079071,-0.081757,0.026305,0.077891,-0.066976,-0.054543,0.061504,-0.0075204,0.098054,-0.16377,0.016823,0.11115,-0.025987,-0.054974,-0.091857,0.2064,0.05273,-0.24337,-0.2426,0.8077,-0.58158,0.047386,0.044282,0.036212,0.011557,0.00040678,-0.043261,0.0065038,0.0077882,-0.0087325,0.029762,0.0016753
0.022355,0.0035801,-0.0047316,-0.0060241,-0.012637,0.0079554,0.0086404,-0.0077272,0.018215,-0.019541,-0.00066465,-0.00038718,0.0079943,-0.00047999,0.0057948,-0.01212,0.0064573,-0.023537,0.054353,-0.052396,0.019375,0.00029115,0.0076145,0.023596,-0.12269,0.16541,-0.091429,0.044428,-0.081984,0.070402,0.021315,-0.067919,0.027155,0.019722,-0.028291,0.047668,-0.10157,0.094965,0.037441,-0.13747,0.041498,0.04246,0.13009,-0.23121,-0.057429,0.19835,0.24637,-0.59921,0.31641,0.048045,-0.071086,0.037827,-0.050538,1.091e-05,0.014468,0.0049285,0.024279,-0.0011218,-0.056023,0.018727
-0.031675,0.0088772,0.013983,-0.0080108,0.0030439,0.0014791,-0.0090242,0.0083511,-0.007163,0.0080278,-0.00081603,-0.0021512,-0.0036341,0.00097239,-0.0034717,0.016857,-0.0022689,-0.024712,0.011166,0.0081665,0.0099037,-0.024239,0.020092,-0.037543,0.068639,-0.062796,0.016672,0.00056504,0.033985,-0.025496,-0.035176,0.02968,0.0034004,0.02744,-0.0090156,-0.080565,0.089766,-0.055129,0.033216,0.059551,-0.1056,0.033919,-0.084645,0.17454,-0.032222,-0.0016044,-0.31905,0.44338,-0.14247,-0.067006,0.028635,-0.021352,0.03634,0.020816,-0.061722,0.071121,-0.065023,-0.00081903,0.053053,-0.011233
0.036557,-0.026913,-0.0044822,-0.0035866,0.01534,0.0051407,-0.0046601,-0.011679,0.0016671,0.0078108,-0.0053504,0.0066545,0.0013557,-0.0084511,0.0052594,-0.013429,0.01421,0.0049726,-0.01102,0.011373,-0.014073,-0.0028938,0.0054513,0.015562,-0.00036132,-0.027929,0.015667,0.0024206,-0.0075334,0.0078902,0.01058,-0.014584,-0.0065085,0.0023341,-0.0022819,0.031175,-0.032983,0.045936,-0.083751,0.0075498,0.13025,-0.11611,0.014847,0.017486,-0.027208,-0.023486,0.22696,-0.37433,0.25949,-0.066294,0.00065464,0.015775,-0.042033,-0.010904,0.11303,-0.13459,0.092085,-0.064059,0.039438,-0.02344
-0.015269,0.0057618,0.018592,-0.0069361,0.0013803,-0.022963,-0.00090454,0.036599,-0.011518,-0.02084,0.014916,0.0029563,-0.021786,0.028372,-0.017695,0.018043,-0.023025,0.01241,-0.00061586,-0.010539,0.013156,0.013266,-0.026081,-0.0070513,0.027012,-0.0081167,-0.0022017,-0.0081213,0.019724,-0.022331,0.0064912,0.0045686,0.01848,-0.040674,0.024735,0.0038309,-0.014319,-0.00088489,0.025799,2.1331e-06,-0.081335,0.10119,-0.025966,-0.017714,0.0060284,-0.00010898,-0.11072,0.34786,-0.40506,0.177,0.024541,-0.066427,0.07976,-0.040688,-0.070684,0.11222,-0.094265,0.11005,-0.093153,0.033237
0.0068599,0.021254,-0.069638,0.071735,-0.054462,0.033,0.024401,-0.054437,0.0096414,0.0343,-0.030462,-0.00025733,0.03291,-0.03202,0.0085976,-0.012534,0.028012,-0.029452,0.031846,-0.015228,-0.019249,0.010573,0.022431,-0.00045385,-0.05357,0.056701,-0.010859,-0.0093289,-0.015453,0.019428,0.013912,-0.018637,-0.0097966,0.022904,-0.030556,0.033666,0.0032413,-0.039858,0.020894,0.0039948,0.012098,-0.025467,0.020669,-0.040249,0.061824,-0.062725,0.15427,-0.34652,0.37456,-0.13771,-0.071236,0.083409,-0.047797,0.028556,0.019611,-0.050379,0.050091,-0.05362,0.034598,-0.0080409
-0.016971,-0.0056294,0.072503,-0.097812,0.072829,-0.029355,-0.021114,0.02836,0.020905,-0.05529,0.04398,-0.012844,-0.018218,0.024414,-0.0065622,0.0008286,-0.013557,0.030705,-0.039353,0.015997,0.015951,0.0012895,-0.045282,0.043966,0.0013763,-0.026027,0.0029028,0.020725,-0.012202,0.013789,-0.035405,0.02332,0.0094315,-0.014526,0.019409,-0.036457,0.01892,0.016128,-0.0072617,-0.027672,0.028585,-0.0017091,-0.0042094,-0.0065487,0.0051872,-0.0088793,-0.0026751,0.082871,-0.13823,0.051471,0.057207,-0.040779,-0.024448,0.04031,-0.022329,-0.004223,0.014179,-0.0017668,0.0037954,-0.0039952
-0.00081473,0.0070466,-0.021101,0.027766,-0.02391,0.01293,0.003936,0.0050487,-0.045025,0.058446,-0.028032,9.3657e-05,0.015093,-0.035661,0.041029,-0.016341,-0.0074221,0.011379,-0.011185,0.013165,-0.0023854,-0.033342,0.074185,-0.071635,0.023566,0.0062938,0.0042777,-0.016569,0.026067,-0.040907,0.027569,0.017379,-0.044691,0.029509,0.006004,-0.021029,0.0091912,-0.013325,0.021626,0.019619,-0.052761,0.013201,0.015816,0.01308,-0.053959,0.14648,-0.27106,0.24205,-0.063227,-0.032069,0.0022778,0.0056134,0.032099,-0.04469,0.014534,0.025221,-0.021964,-0.023128,0.039653,-0.01501
0.035107,-0.059073,0.012346,0.041549,-0.03231,-0.0057655,0.015465,-0.014551,0.024829,-0.01648,-0.015571,0.031273,-0.027329,0.03228,-0.036828,0.019584,0.011419,-0.040359,0.045345,-0.016344,-0.013798,0.032232,-0.056606,0.049943,0.0059893,-0.032573,0.0059871,0.011133,-0.020478,0.036382,-0.010755,-0.041043,0.046625,-0.0091684,-0.025958,0.041046,-0.044069,0.054728,-0.045522,-0.022435,0.081462,-0.062329,0.019609,0.0008607,0.0015331,-0.065823,0.14774,-0.11559,0.0016423,0.040758,-0.0045635,-0.014402,0.00033171,0.004462,0.011124,-0.018621,-0.0067976,0.046725,-0.059601,0.025228
-0.027942,0.072632,-0.046067,-0.027538,0.038037,0.02344,-0.059189,0.030568,0.014398,-0.043418,0.057348,-0.04906,0.020027,0.0075911,-0.020287,0.02032,-0.021965,0.036019,-0.035649,0.0018245,0.021251,-0.013587,0.01849,-0.028629,0.0028412,0.022558,-0.0081856,-0.010466,0.013011,-0.015384,0.0077784,0.011905,-0.01385,-0.0050321,0.016234,-0.012929,0.014697,-0.021096,-0.00049904,0.054098,-0.089274,0.073999,-0.032843,-0.001458,0.02466,-0.060395,0.11855,-0.14805,0.10098,-0.017088,-0.03693,0.043273,-0.019639,0.0066914,-0.026493,0.036614,-0.0092261,-0.016721,0.021453,-0.012399
-0.016682,-0.0078676,0.039337,-0.013632,-0.017447,-0.023145,0.077022,-0.05388,-0.021131,0.075297,-0.080757,0.048236,-0.0082572,-0.017057,0.029356,-0.032157,0.033113,-0.038526,0.029317,-0.0037925,-0.002822,-0.0076791,-0.0034145,0.03063,-0.034876,0.013641,-0.0022957,0.012282,-0.013103,0.0035596,-0.017927,0.030327,0.0026954,-0.032144,0.016606,-0.010841,0.036022,-0.042743,0.029451,-0.034056,0.045729,-0.019425,-0.040686,0.056124,0.00046188,-0.021388,-0.050777,0.10471,-0.067214,0.003796,0.035374,-0.047739,0.027418,-0.013341,0.044592,-0.068198,0.038997,-0.008205,0.008149,0.00095903
0.033725,-0.033353,-0.017012,0.023875,0.018039,-0.020692,-0.029826,0.05081,0.0034934,-0.06959,0.070959,-0.035894,0.025171,-0.021569,0.0039473,0.0055858,-0.016228,0.033503,-0.02449,0.010247,-0.026164,0.0266,0.013307,-0.042154,0.03428,-0.0090181,-0.0038176,-0.010928,0.014514,0.0041753,0.016653,-0.052242,0.018038,0.032302,-0.027242,0.026094,-0.043915,0.016164,0.030694,-0.03231,0.0090674,-0.015457,0.061621,-0.075493,-0.013054,0.10926,-0.074642,-0.026184,0.056771,-0.029127,0.0030678,0.013581,-0.011646,0.0065239,-0.035469,0.060171,-0.031112,0.0027008,-0.017409,0.0111
-0.011009,-0.015107,0.057985,-0.035182,-0.029056,0.050885,-0.0084316,-0.024816,-0.0086916,0.044099,-0.022053,0.0070976,-0.031179,0.02683,0.0070827,-0.013205,0.0048251,-0.0059333,0.002818,-0.013353,0.04255,-0.0335,-0.023652,0.05671,-0.026988,-0.01997,0.022211,0.011281,-0.012429,-0.019786,0.011895,0.034261,-0.051064,0.034331,-0.0061696,-0.030972,0.033532,0.018888,-0.053831,0.034801,-0.010242,0.0072007,-0.022628,0.037222,-0.0073975,-0.033387,0.00097687,0.057124,-0.051171,0.026003,-0.025369,0.015359,-0.014672,0.031452,-0.00223,-0.042537,0.025519,-0.0029773,0.022624,-0.016574
0.0093437,0.06553,-0.11056,0.062348,0.014188,-0.035307,0.0094313,-0.0066752,0.031738,-0.016231,-0.031645,0.034469,-0.0054848,0.009224,-0.030984,0.030573,-0.011524,-0.011586,0.018153,0.0099545,-0.047088,0.045564,0.0043662,-0.047627,0.018438,0.042616,-0.032425,-0.023137,0.018444,0.027567,-0.034545,0.0056434,0.030247,-0.052368,0.024635,0.024386,-0.022849,-0.0051235,-0.0031605,0.023732,-0.015769,-0.0089011,0.028699,-0.027735,0.016208,-0.034742,0.059625,-0.026301,-0.020364,0.0060816,0.017994,-0.0073718,0.013864,-0.025697,-0.012169,0.045921,-0.027155,0.0098237,-0.0041626,-0.020122
-0.035698,-0.044021,0.092281,-0.070056,0.017474,0.013778,-0.023976,0.035672,-0.031661,-0.010505,0.053485,-0.049003,0.016466,-0.00075392,0.0019561,-0.0029789,0.0010487,0.010045,-0.023562,0.011331,0.025,-0.043671,0.018397,0.017793,-0.003097,-0.042991,0.028039,0.031413,-0.030964,-0.010537,0.016266,-0.0096688,0.011681,-0.0038467,0.014145,-0.03037,0.001675,0.016264,0.025141,-0.047462,0.014208,0.019575,-0.026911,0.008066,0.00885,0.017037,-0.036314,0.00021663,0.01934,0.0058267,-0.010684,0.0031064,-0.0071218,-0.020095,0.055573,-0.040907,0.016719,-0.012813,-0.018754,0.060554
0.043013,0.0094004,-0.061231,0.057314,-0.02648,0.0013771,0.029177,-0.045472,0.011694,0.040013,-0.051406,0.017877,0.025267,-0.045264,0.037153,-0.022435,0.014061,-0.0097221,0.012937,-0.019556,0.012065,0.0039014,0.0009841,-0.024338,0.024963,0.00079021,-0.0031115,-0.02488,0.036372,-0.028501,0.026052,-0.014223,-0.0128,0.034501,-0.047991,0.036661,0.0092633,-0.025118,-0.02125,0.050295,-0.022156,-0.0046413,0.001307,0.0065126,-0.0015046,-0.015033,0.022879,-0.0099609,0.004192,-0.021704,0.037917,-0.03875,0.02573,0.0035021,-0.032404,0.040008,-0.036125,0.030374,-0.0052441,-0.036252
-0.048497,-0.0031596,0.07347,-0.044475,0.0061532,-0.021076,0.0032885,0.037178,-0.0026884,-0.062714,0.054389,0.0025317,-0.034606,0.033291,-0.014024,0.0014527,-0.016548,0.020141,0.011076,-0.018224,-0.0078056,0.01162,-0.016499,0.053564,-0.064479,0.034841,-0.018134,0.019703,-0.03176,0.054295,-0.045472,0.0053322,0.010524,-0.013669,0.029893,-0.018667,-0.011838,-0.0056822,0.058988,-0.080686,0.060363,-0.029416,0.003242,0.015726,-0.023139,0.022918,-0.013907,-0.023538,0.057998,-0.013328,-0.070539,0.083238,-0.056138,0.052929,-0.013628,-0.054766,0.05805,-0.03699,0.043649,-0.0037481
0.057691,0.0041344,-0.073336,0.033178,0.0072908,0.021299,-0.015118,-0.035567,0.017552,0.055127,-0.067024,0.020359,-0.0026411,0.027986,-0.04932,0.029825,0.020317,-0.026739,-0.031299,0.054768,-0.019848,0.011613,-0.0096586,-0.036429,0.051737,-0.015765,0.0044402,-0.0081577,0.0033362,-0.019225,0.018994,0.012994,-0.0058463,-0.019245,0.0027304,-0.00079557,0.022639,0.014561,-0.079507,0.08584,-0.063666,0.061591,-0.055824,0.035371,-0.020373,0.0057335,0.0070643,0.018439,-0.060391,0.030435,0.056158,-0.090432,0.069118,-0.044018,-0.002822,0.040989,-0.015995,0.00072341,-0.023889,-0.011103
-0.011175,-0.03768,0.057441,-0.039525,0.014765,-0.0074542,-0.0023445,0.041796,-0.05507,-0.010477,0.067498,-0.042666,0.018745,-0.047094,0.055169,-0.014879,-0.021402,0.019613,0.012491,-0.032803,0.017846,-0.0078002,0.014981,-0.0018257,-0.012485,-0.0028678,0.014346,-0.015338,0.029831,-0.030172,0.002187,0.023935,-0.045157,0.052773,-0.026845,0.01051,-0.023811,0.001839,0.047745,-0.044065,0.021758,-0.063144,0.11832,-0.10724,0.05903,-0.022546,-0.005779,0.020712,-0.0069153,-0.0073692,-0.013866,0.045791,-0.031123,-0.025726,0.050201,-0.014461,-0.018109,0.015672,-0.021212,0.035429
-0.044572,0.088458,-0.0713,0.070342,-0.057368,0.020404,-0.0055304,-0.034987,0.086665,-0.033727,-0.055221,0.049512,-0.021982,0.02484,0.011094,-0.047614,0.029171,-0.024907,0.039362,-0.010831,-0.013205,-0.0068375,0.010787,0.0064955,-0.001086,-0.0061865,-0.0017545,0.0028195,-0.0047534,0.0050311,0.027869,-0.068538,0.072331,-0.055352,0.036201,-0.017317,0.017655,-0.017452,-0.0089423,0.010347,0.020302,-7.8045e-05,-0.055332,0.054192,-0.016765,0.0037741,-0.0018551,-0.0049117,0.0088653,-0.0073536,-0.0053872,0.021331,-0.039556,0.069999,-0.067926,0.020904,-0.011399,0.025649,0.015336,-0.029709
0.015327,-0.067062,0.062452,-0.080571,0.081769,-0.039596,0.020719,0.018782,-0.078072,0.03105,0.05916,-0.055462,0.025487,-0.0089099,-0.048015,0.075359,-0.039281,0.038289,-0.055951,0.017722,0.016269,-0.0014071,-0.0066854,-0.0062278,0.010507,-0.0022784,-0.018902,0.043685,-0.045525,0.033599,-0.035435,0.034552,-0.015149,0.0041201,-0.0028437,-0.0061214,-0.0055169,0.030961,-0.014959,-0.0003941,-0.044922,0.074904,-0.041748,0.016933,-0.017674,0.0091906,0.00091848,-0.007052,-0.0038878,0.032323,-0.010768,-0.052271,0.063971,-0.045948,0.043566,-0.024323,0.022851,-0.046175,0.0041992,0.04047
0.024416,0.0091852,-0.0013669,0.042725,-0.065249,0.022804,-0.0039728,-0.017213,0.053296,0.0010132,-0.07527,0.042043,0.01069,-0.019154,0.034972,-0.032984,0.0073717,-0.016665,0.031426,-0.015021,0.0018194,0.00597,-0.017148,0.017416,-0.02085,0.020612,0.014983,-0.051509,0.040113,-0.0044709,-0.015569,0.022788,-0.031449,0.037681,-0.043422,0.051471,-0.031454,-0.0084452,-0.0001252,0.026039,0.018511,-0.06945,0.043265,-0.0066598,0.0044617,0.00083295,-0.0076671,0.001225,0.022021,-0.050979,0.025881,0.035127,-0.034405,0.0041858,-0.0093062,0.0060808,-0.0036887,0.016022,0.028551,-0.071505
0.010206,-0.02081,-0.017424,-0.0085703,0.026574,0.012095,-0.024266,0.02988,-0.045253,-0.0105,0.068291,-0.016399,-0.052501,0.055318,-0.038995,0.0096363,0.027819,-0.017675,-0.022367,0.034439,-0.016944,-0.010498,0.022073,-0.006565,0.0024824,-0.017198,0.0035154,0.027889,-0.022385,-0.007377,0.015303,-0.0078066,0.0093783,-0.017216,0.034511,-0.057057,0.043986,-0.012473,0.040008,-0.085086,0.042627,0.031278,-0.031324,-0.0035581,0.013934,-0.017436,0.023576,-0.021922,0.010701,0.0027864,0.0014817,-0.015025,0.01542,-0.019844,0.023429,-0.007965,0.0074078,-0.00022451,-0.055361,0.061983
-0.043574,0.064692,-0.041369,0.035933,-0.012891,-0.040937,0.053457,-0.035001,0.028484,0.0027376,-0.036411,0.0017898,0.047474,-0.045052,0.035215,-0.029656,-0.0053371,0.029372,-0.003906,-0.030239,0.030797,-0.002742,-0.010537,-0.015812,0.028889,-0.0011089,-0.0032685,-0.023018,0.024139,-0.022001,0.036073,-0.023766,0.01007,-0.025744,0.0082358,0.030526,-0.0044132,-0.027948,-0.027613,0.085429,-0.040916,-0.04215,0.055221,-0.0017387,-0.035061,0.021457,-0.010417,0.032307,-0.050193,0.045417,-0.02771,0.0068463,-0.022039,0.073119,-0.07438,0.020005,-0.0038102,0.012874,0.014195,-0.013994
0.031074,-0.065799,0.083577,-0.084592,0.037023,0.045206,-0.068448,0.023531,0.0065624,-0.0063156,0.00043608,0.018733,-0.028626,0.0060631,0.0046316,0.015266,-0.011562,-0.035228,0.061173,-0.010595,-0.059451,0.053117,-0.010784,0.022825,-0.043291,0.022186,-0.012962,0.012873,0.0090262,-0.0034516,-0.016515,-0.0032589,-0.00044103,0.040294,-0.01707,-0.027889,-0.0065712,0.046582,-0.016112,-0.015588,-0.0048553,0.044402,-0.046775,-0.0049856,0.038511,-0.0070193,-0.0067811,-0.036162,0.0531,-0.021817,-0.0022557,-2.2072e-05,0.037705,-0.094224,0.08859,-0.01878,-0.0075831,-0.022245,0.025032,-0.0094628
-0.022706,0.04033,-0.048041,0.06381,-0.053304,0.0077267,0.016464,0.0011691,-0.018301,0.0032303,0.027288,-0.034037,0.012353,0.0075832,-0.016853,0.016107,-0.0022928,0.011002,-0.047746,0.03492,0.029676,-0.047746,0.022185,-0.024885,0.033518,-0.018991,0.010436,0.00076967,-0.023139,0.023552,-0.017662,0.025118,-0.0057515,-0.022971,0.0012977,0.030877,-0.016795,-0.0091425,0.013814,-0.0080587,0.0016734,-0.0075158,0.017033,-0.0024568,-0.0095361,-0.0064984,-0.0008894,0.039165,-0.035348,-0.0079511,0.020876,0.0054549,-0.047418,0.084978,-0.077696,0.035739,-0.022946,0.029584,-0.010579,-0.0004709
