0.006309,-0.00016012,0.005585,-0.0010279,0.01764,-0.06549,0.067603,-0.016027,-0.015884,0.017826,-0.02574,0.026379,0.0030709,-0.0085119,0.003218,0.0059426,-0.023567,0.034751,-0.0080878,-0.036271,0.048968,-0.022495,-0.0058717,0.012192,-0.012336,0.0035506,-0.0032304,0.02673,-0.049544,0.026545,-0.0033485,0.012084,0.0052912,-0.012094,0.007701,-0.0088286,-0.0092817,0.016534,0.00020756,-0.013652,0.023963,-0.0087873,-0.021766,0.028104,-0.012086,-0.0038784,0.01891,-0.0074354,-0.004047,0.0073101,0.00085792,-0.015867,0.034747,-0.06974,0.092691,-0.064809,0.031671,-0.032551,0.021145,0.0065451
-0.0042129,-0.019908,0.0032128,-0.015794,0.015299,0.046961,-0.055324,-0.0056416,0.04341,-0.037457,0.025756,-0.018545,0.0079428,0.0056824,-0.0049956,-0.028687,0.053839,-0.039937,-0.016575,0.062688,-0.059528,0.02647,-1.6297e-05,-0.0072821,0.011236,-0.024734,0.045019,-0.066844,0.06679,-0.03382,0.0089316,0.019184,-0.053856,0.02887,0.013758,-0.013241,0.028933,-0.040358,0.01748,-0.001546,-0.0089795,0.010435,0.016263,-0.02903,0.023383,0.0066418,-0.030241,0.012175,0.0026021,-0.012023,0.0061052,0.007341,0.0056312,0.046089,-0.10882,0.036079,0.019034,0.015979,-0.0078119,-0.0081371
0.02966,0.012058,0.019161,-0.01415,-0.0027165,0.004154,-0.0099931,0.035394,-0.036401,0.03319,-0.026408,0.025457,-0.027864,0.0092108,0.0060325,0.0063119,-0.017712,0.0024655,0.050283,-0.069659,0.028586,0.0056168,-0.017729,0.034925,-0.057229,0.084804,-0.081782,0.047648,-0.0051592,-0.030738,0.057782,-0.083806,0.094573,-0.064323,0.013086,0.022404,-0.04738,0.045702,-0.014323,0.0023268,-0.0053444,0.00011214,-0.0056497,0.017604,-0.02326,-0.004689,0.027797,-0.031544,0.01683,0.0032847,-0.0065283,-0.0010877,-0.02416,-0.016502,0.05458,0.011825,-0.061059,0.028091,-0.051336,0.022467
-0.051992,-0.0012845,-0.016628,0.017422,-0.015884,-0.016003,0.021583,-0.0063356,0.0067972,-0.032035,0.022384,-0.0039948,-0.005682,-0.00055725,-0.0045916,0.018463,-0.012944,0.014931,-0.053342,0.05943,-0.017775,-0.0077475,0.02412,-0.048483,0.076657,-0.084087,0.053364,-0.012601,-0.0092926,0.025364,-0.060899,0.083594,-0.081345,0.075873,-0.039288,-0.028859,0.068174,-0.056666,0.012396,-0.0068424,0.03414,-0.033408,0.0053799,-0.012914,0.031963,-0.021317,-0.0012142,0.013875,-0.00011818,0.0096615,-0.017,0.013325,0.0030482,0.0049095,0.0051941,-0.02297,0.042757,-0.031653,0.055523,-0.0023591
0.054728,-0.0048683,-0.017339,0.02896,-0.011303,0.023542,-0.020926,-0.015717,-0.0028064,0.039623,-0.00093799,-0.037911,0.041436,-0.01348,0.007353,-0.023457,0.0097705,-0.030719,0.081038,-0.055085,0.0058999,0.0063459,-0.011439,0.011166,-0.020091,0.027286,-0.021098,0.0085395,-0.011539,0.020157,-0.0011709,-0.022372,0.025468,-0.036115,0.011132,0.041691,-0.062805,0.04745,-0.018632,0.020945,-0.055937,0.042612,-0.0045295,0.019124,-0.055904,0.050587,-0.010272,-0.0010868,-0.012653,-0.0089424,0.024238,-0.021987,0.0091986,4.7291e-05,-0.0076206,-0.0078322,0.017733,-0.033307,0.036389,-0.051906
-0.02629,0.0055711,0.038592,-0.068836,0.066266,-0.05342,0.037806,-0.0048121,0.012503,-0.024595,-0.023367,0.053557,-0.036641,-0.00027274,0.012716,0.00015595,0.00095006,0.039064,-0.084814,0.040532,0.010517,-0.0082955,-0.011198,0.033837,-0.024243,-0.020798,0.042214,-0.024029,0.011573,-0.007545,-0.0027533,0.0055854,0.0029,0.006344,0.0076919,-0.035133,0.028957,-0.008644,-0.0068373,0.017581,-0.0041373,0.014031,-0.012009,-0.026923,0.062913,-0.04685,0.0044396,0.010727,-0.0086043,0.010723,-0.024026,0.0276,-0.010548,-0.018029,0.01003,0.026548,-0.052829,0.067614,-0.092259,0.055201
-0.025789,0.0099251,-0.034381,0.06243,-0.078762,0.041963,0.0035854,-0.023681,0.0088643,-0.0047163,0.025367,-0.045304,0.037781,-0.00060243,-0.0246,0.028509,-0.020884,-0.0035215,0.019694,-0.0096496,-0.0086536,-0.001305,0.021249,-0.026105,-0.010659,0.057015,-0.063387,0.031394,-0.017308,-0.0081393,0.039456,-0.034621,0.02488,-0.037091,0.029244,0.0039504,-0.014981,-0.00086521,0.040889,-0.064769,0.061988,-0.046715,0.019784,0.018234,-0.041279,0.035672,-0.01869,0.0070114,0.014497,-0.02662,0.035778,-0.024428,0.011744,0.03251,-0.04243,0.0072578,0.020767,-0.011008,0.048795,-0.014051
0.038668,-0.0090643,0.0065855,-0.017706,0.030286,0.0082429,-0.06031,0.06482,-0.01547,-0.0015774,0.0016913,0.018521,-0.043614,0.042857,-0.019842,-0.014107,0.02447,-0.016323,0.011961,-0.00046124,0.0039564,-0.00082454,-0.011842,-0.0042701,0.048984,-0.054511,0.029723,0.014546,-0.013407,0.0060742,-0.018843,0.020101,-0.03307,0.05866,-0.052051,0.020573,0.014264,-0.0093648,-0.040005,0.043136,-0.027112,0.016519,-0.010378,0.00046147,0.020863,-0.03683,0.034802,-0.034012,-0.0031176,0.030913,-0.025701,-0.0037942,0.015676,-0.036387,0.051452,-0.046499,0.013548,-0.017277,-0.032796,0.024096
0.010066,-0.033671,0.030654,-0.022843,0.01868,-0.033068,0.041467,-0.020945,-0.026707,0.032777,-0.030354,0.012403,0.035941,-0.076509,0.058311,-0.016111,-0.00061494,-0.0031835,0.0094606,-0.022279,0.018992,-0.0084403,0.021054,-0.016966,-0.013849,0.014136,0.021042,-0.082917,0.089383,-0.043164,-0.0025235,0.021552,-0.0032151,-0.022928,0.025062,-0.018962,-0.0081692,0.0018914,0.025556,-0.0024503,-0.02625,0.012646,0.010399,-0.017884,-0.01365,0.037572,-0.044168,0.050716,-0.0098726,-0.0067708,-0.011726,0.034425,-0.055022,0.053523,-0.039407,0.035708,0.01279,-0.042423,0.085129,-0.067843
-0.061524,0.06269,-0.042221,0.029411,-0.031142,0.036406,-0.018588,-0.0072318,0.022542,-0.022112,0.021437,-0.0022932,-0.044337,0.07183,-0.041186,0.012361,-0.0060346,-0.0049287,0.0037082,0.037073,-0.05543,0.035749,-0.042391,0.063506,-0.045285,0.012824,-0.028022,0.076988,-0.093648,0.065704,-0.012305,-0.022744,0.016484,-0.0068803,-0.0020269,0.00090094,0.019276,-0.0052025,-0.012188,-0.021544,0.055501,-0.043161,-0.0027647,0.007725,0.03704,-0.055406,0.051932,-0.051133,0.016623,-0.016009,0.04547,-0.049353,0.05937,-0.072854,0.043509,-0.0067003,-0.041917,0.064486,-0.079242,0.059279
0.077934,-0.044683,0.032446,-0.022484,0.030365,-0.036082,0.039756,-0.041225,0.047031,-0.029128,0.021575,-0.03612,0.053122,-0.046982,0.017426,0.0060593,-0.011072,0.037009,-0.039568,-0.015239,0.045811,-0.035143,0.0429,-0.068,0.055003,-0.014892,0.015464,-0.032828,0.031125,-0.019937,-0.0038444,0.02367,-0.015382,0.0094619,-0.0028864,0.013011,-0.031544,0.023425,-0.014812,0.046118,-0.060852,0.057742,-0.024345,0.034147,-0.074252,0.072623,-0.024355,-0.0037782,0.01606,0.010666,-0.052166,0.043062,-0.038933,0.059386,-0.039912,-0.0018745,0.03084,-0.020645,-0.0035836,-0.010303
-0.054786,0.027462,-0.025049,0.013265,-0.027315,0.029749,-0.039971,0.04962,-0.066322,0.066547,-0.066515,0.05124,-0.033926,0.02272,-0.0040791,-0.026139,0.031063,-0.050743,0.053812,-0.02098,-0.012176,0.031549,-0.050579,0.059003,-0.042562,0.029429,-0.042018,0.034709,-0.0065343,-0.017594,0.037121,-0.037152,0.020985,-0.015085,0.0089911,-0.013556,0.027153,-0.025879,0.029167,-0.038682,0.019766,-0.0097126,0.019445,-0.038348,0.050213,-0.03462,-0.022821,0.064136,-0.046352,-0.0027303,0.023942,-0.011774,0.030489,-0.035693,0.018893,0.0013687,-0.017616,0.0076785,0.04933,-0.030967
0.0060603,-0.042707,0.026247,-0.0010806,0.012986,-0.03093,0.033165,-0.028191,0.039075,-0.0858,0.096282,-0.042083,0.014808,-0.015878,-0.009028,0.043926,-0.045146,0.041604,-0.051143,0.04691,-0.015451,-0.014911,0.035059,-0.05024,0.047444,-0.06308,0.071428,-0.037966,0.0096563,0.0058725,-0.013675,-0.016553,0.029587,-0.0084122,0.0054707,0.010077,-0.031662,0.016821,-0.0069177,0.0043026,0.0042115,-0.015284,0.0063466,0.0063314,0.0041924,-0.023415,0.050352,-0.066247,0.020409,0.019694,-0.0065346,0.0074861,-0.047202,0.041912,-0.012765,-4.933e-05,0.0069965,-0.0057582,-0.029586,0.046831
0.0096245,0.06846,-0.050274,0.01798,0.005824,0.012877,-0.043584,0.055994,-0.043448,0.086276,-0.091131,0.026465,-0.0099181,0.027504,-0.0044934,-0.025008,0.030911,-0.0080884,0.02113,-0.053432,0.063146,-0.063473,0.051905,-0.007303,-0.028527,0.0547,-0.047002,0.026149,-0.021559,0.013731,-0.030714,0.090628,-0.097275,0.05858,-0.035055,-0.0095022,0.032104,-0.0056253,-0.01233,0.010159,0.0068141,-0.011837,-0.0084032,0.0048395,-0.01797,0.041557,-0.061108,0.051751,0.0058344,-0.043087,0.034318,-0.046061,0.06648,-0.054305,0.015247,0.0015829,0.0053504,-0.019507,-0.0068514,-0.011973
0.0094457,-0.063718,0.063689,-0.044607,-0.019363,0.036985,0.024215,-0.065338,0.039612,-0.045961,0.047928,-0.0154,0.02009,-0.0477,0.031476,-0.0057349,-0.009166,-0.017408,0.026442,0.012708,-0.048591,0.068221,-0.07857,0.0511,-0.012029,-0.0028052,0.012233,-0.042743,0.056425,-0.032231,0.034559,-0.073059,0.069978,-0.049633,0.027402,0.011612,-0.0086993,-0.015981,0.014202,-0.022953,0.028118,-0.018473,0.031453,-0.035251,0.036421,-0.037816,0.037963,-0.030565,-0.0013213,0.037813,-0.040465,0.040787,-0.045937,0.0435,-0.018038,0.00047039,-0.0035063,0.013457,0.028743,-0.034866
0.015129,0.013429,-0.017621,0.024578,0.015916,-0.03749,-0.011131,0.043744,-0.015212,0.01197,-0.016216,0.016738,-0.047076,0.068948,-0.030499,-0.0043353,0.01701,0.015487,-0.05749,0.057989,-0.05776,0.051914,-0.010631,-0.0059146,0.0028371,-0.014225,-0.002337,0.037625,-0.05146,0.033924,-0.016205,0.015394,0.00519,-0.016394,0.016858,-0.024794,-0.0075999,0.050246,-0.038607,0.030334,-0.043233,0.062038,-0.063968,0.056786,-0.042919,0.025025,-0.0070301,0.011539,-0.012573,0.0059387,-0.0081085,0.01184,0.00025247,-0.038697,0.046724,-0.03606,0.027613,-0.01237,-0.005625,0.00048883
-0.061679,0.029435,-0.021631,0.0041543,0.0042236,-0.014419,0.033868,-0.048059,0.024697,-0.025796,0.020464,-0.013666,0.047879,-0.062525,0.0078953,0.024661,-0.014516,-0.027984,0.063509,-0.070895,0.078492,-0.05917,0.018133,-0.020324,0.02328,0.0043166,-0.012887,0.0052921,-0.0027248,0.0094134,-0.0098522,0.0083319,-0.030571,0.045112,-0.0492,0.049208,0.005577,-0.072849,0.06348,0.0060805,-0.033532,-0.019714,0.035011,-0.00050007,-0.0095257,0.0020535,0.021341,-0.035498,0.035944,-0.042487,0.032739,-0.023136,0.010121,0.057298,-0.079399,0.082561,-0.088129,0.065846,-0.044507,0.072348
0.034291,-0.013389,0.00307,-0.0090762,0.0018666,0.0078094,-0.0029883,0.0098078,-0.015126,0.023731,-0.023336,0.0085735,-0.019162,0.020543,0.015902,-0.025495,-0.0094736,0.039055,-0.036518,0.02188,-0.00043027,-0.054898,0.068934,-0.029284,0.0040871,-0.016785,0.021927,-0.016965,0.021674,-0.033002,0.021128,-0.010108,0.0081809,-0.014594,0.048998,-0.060883,0.00028865,0.054765,-0.042448,-0.03464,0.073928,-0.024643,-0.0062231,-0.017721,0.025611,-0.01849,-0.016955,0.029145,-0.028134,0.021707,-0.0068437,0.0029994,0.0090523,-0.05617,0.062249,-0.07881,0.10329,-0.078645,0.044372,-0.059914
0.03895,-0.031582,0.0006246,0.039931,-0.044353,0.046827,-0.06428,0.069855,-0.042083,0.009166,0.018697,-0.024686,0.02273,-0.0014727,-0.020761,0.023684,0.0071554,-0.018861,-0.0024481,0.015849,-0.018166,0.046424,-0.046188,0.030055,-0.018872,0.010228,-0.0059414,0.016328,-0.0090422,-0.012193,0.024533,-0.024075,0.036959,-0.024721,-0.018431,0.034736,0.0015233,-0.026435,0.014022,0.019804,-0.036403,0.015641,0.023993,-0.030584,-0.00097113,0.022809,-0.024572,0.023163,-0.012854,0.01476,-0.010394,0.0031507,-0.0098524,0.0097465,-0.009212,0.038309,-0.052982,0.016634,0.0037769,-0.0078852
-0.066548,0.057782,0.01457,-0.067426,0.056336,-0.051856,0.05504,-0.058235,0.04058,0.0044689,-0.032311,0.035893,-0.04553,0.029097,-0.011291,0.0017406,-0.0069878,0.01511,0.0082813,-0.038029,0.025672,0.009845,-0.026371,0.019741,-0.014923,0.018315,-0.00017415,-0.021718,0.0052189,0.031893,-0.053475,0.054105,-0.054652,0.039764,-0.031241,0.029252,-0.026713,0.015661,0.010651,-0.032541,0.019935,0.00073567,-0.023364,0.027924,0.0085762,-0.031066,0.025016,-0.017816,0.018214,-0.013843,0.0053856,-0.0093317,-0.0067626,0.036645,-0.023929,-0.00074938,-0.016313,0.036156,-0.027553,0.031743
0.046174,-0.051224,0.0072401,0.032467,-0.020912,0.023066,-0.0087388,-0.011361,0.021038,-0.044469,0.04473,-0.021173,0.036149,-0.043786,0.043699,-0.054128,0.036166,-0.019761,0.018713,0.0057525,-0.044358,0.031424,6.6902e-06,-0.0062073,0.0023669,0.0068757,-0.017846,-0.0045397,0.013269,0.0093193,0.0021527,-0.01476,0.014042,-0.030398,0.071341,-0.091901,0.046387,0.01771,-0.06413,0.06499,-0.0045813,-0.027197,0.015848,-0.02909,0.013054,0.037495,-0.035492,0.012446,-0.014875,0.012643,-0.007482,0.0053635,0.020673,-0.039608,0.023066,-0.046327,0.10437,-0.083274,0.034372,-0.03129
-0.019857,0.017293,-0.019433,0.0020914,-0.0022641,-0.0081647,0.0034997,0.017232,-0.029615,0.033113,-0.032074,0.013159,-0.017351,0.017825,-0.03303,0.069558,-0.041098,0.014045,-0.091106,0.14819,-0.073748,0.0019586,-0.0068119,-0.0036405,0.03867,-0.062714,0.060767,-0.01179,-0.022957,-0.001678,-0.0042657,0.0080911,0.0056562,0.017286,-0.078983,0.098082,-0.028983,-0.042648,0.0626,-0.015663,-0.052422,0.049449,-0.018056,0.036496,-0.026208,-0.037462,0.069671,-0.050718,0.034369,-0.030237,0.012534,0.021371,-0.033733,0.025345,-0.012208,0.086052,-0.17672,0.14248,-0.064408,0.04378
0.0059266,0.0091788,-0.0026163,0.0045773,0.0042212,-0.0064974,-0.0042881,0.0072141,-0.0063837,-0.0021134,0.01622,-0.018109,0.011991,0.008775,0.0039345,-0.034298,0.024558,-0.065685,0.19336,-0.25887,0.19497,-0.12103,0.10857,-0.080189,0.0086183,0.066837,-0.12434,0.097778,-0.014856,-0.044759,0.09919,-0.084432,0.020203,-0.018021,0.049162,-0.034222,0.0097352,-0.0076119,0.031656,-0.078586,0.09352,-0.045637,-0.0039454,0.025078,-0.021023,0.011089,-0.014361,0.015619,-0.02785,0.037041,-0.0024692,-0.041364,0.048935,-0.035576,0.010554,-0.069243,0.15426,-0.13727,0.077742,-0.037577
-0.00821,-0.0049329,0.0065925,-0.0071732,-0.0082674,0.013814,-0.0067013,-0.00547,0.014513,0.0018617,-0.01266,0.018051,-0.0090805,-0.0085112,0.0075789,0.0027907,-0.026718,0.12182,-0.18678,0.14449,-0.083017,0.081914,-0.11861,0.13184,-0.086349,-0.034192,0.13349,-0.091289,0.03189,0.015179,-0.10094,0.09226,-0.024784,0.034897,0.0041574,-0.05936,0.011178,0.046271,-0.058447,0.080224,-0.081608,0.025977,0.023198,-0.020931,-0.0071597,0.028962,-0.044338,0.032189,0.01534,-0.038258,-0.0041891,0.036264,-0.049539,0.056481,-0.023863,0.025613,-0.069792,0.063822,-0.043694,0.022645
0.016529,-0.0031391,-0.0021661,0.0066065,0.0019481,-0.0014517,0.0082617,0.00017683,-0.0034087,-0.00775,0.010945,-0.016699,0.0099854,-0.0023988,-0.0069788,0.0055564,0.022286,-0.065569,0.050196,0.020963,-0.078691,0.055603,0.019686,-0.06273,0.065286,0.022831,-0.06255,-0.027532,0.029889,0.022784,-0.0020272,-0.0073832,0.028133,-0.059667,-0.037814,0.11034,-0.041795,-0.019846,-0.013263,-0.003784,0.030196,0.05292,-0.090444,0.005001,0.049495,-0.040229,0.024213,-0.016089,-0.0042957,0.02859,-0.011583,-0.0016448,0.012656,-0.048372,0.037515,-0.010525,0.014794,-0.010893,0.016831,-0.036772
-0.015257,-0.0029365,0.008414,-0.0074691,-5.7906e-05,0.00097166,-0.0096001,-0.0019297,0.0025771,0.0032279,-0.011032,0.010538,-0.0034847,-0.0056777,0.013328,-0.010081,-0.0035213,-0.012174,0.033235,-0.043043,0.071011,-0.0686,0.0239,-0.0094505,0.0074098,-0.038955,0.017372,0.079434,-0.10234,0.039772,0.035142,-0.049108,-0.033385,0.055055,0.027423,-0.060038,-0.0010052,0.038387,0.021799,-0.034742,0.010463,-0.12248,0.18946,-0.042677,-0.1399,0.17484,-0.12556,0.086379,-0.024766,-0.026821,0.021579,-0.026977,0.025805,0.011905,-0.011856,-0.0084095,0.017644,-0.0016571,-0.025524,0.044517
0.007325,0.016515,-0.0073782,-0.0084164,0.022709,-0.019052,0.0094795,0.0085765,-0.01334,0.0050633,0.014901,-0.0045252,-0.0088449,0.025422,-0.030111,0.019608,-0.0032479,0.0075853,-0.012519,0.016582,-0.023877,0.022986,-0.011915,0.0098777,-0.026216,0.042552,-0.031147,-0.026143,0.093065,-0.092807,0.010327,0.039799,-0.005831,-0.0030056,-0.012209,-0.034917,0.092701,-0.090469,0.025845,0.038082,-0.0048403,0.02863,-0.040762,-0.31148,0.68204,-0.55873,0.32018,-0.18046,-0.027271,0.11089,-0.038306,0.0089493,0.00018834,0.0045289,-0.038356,0.055189,-0.059559,0.008176,0.021269,-0.018484
-0.012551,-0.02864,0.018031,-0.00031337,-0.02257,0.023758,-0.0071198,-0.01114,0.02174,-0.017214,-0.010252,0.013037,-0.0055839,-0.016856,0.035514,-0.02718,0.007943,0.012317,-0.013695,-0.010189,0.026926,-0.031852,0.016083,0.0039753,0.00061145,-0.0022281,0.028899,-0.041701,-0.0005799,0.035595,-0.066984,0.061026,-0.0049271,-0.028284,0.020172,0.049957,-0.091039,0.079055,-0.034865,-0.050075,0.013248,0.079002,-0.25506,0.86592,-1.2316,0.75176,-0.22436,0.022329,0.15461,-0.20953,0.12925,-0.029559,-0.042665,0.030221,0.016639,-0.055198,0.069353,-0.012639,0.011365,0.0072579
0.033938,0.01286,-0.028077,0.035445,-0.012695,-0.0092605,0.014727,-0.007846,-0.009255,0.015943,-0.0016194,-0.013701,0.02811,-0.013425,-0.015018,0.02193,-0.01601,-0.010012,0.027593,-0.020743,-0.0058302,0.025097,0.00059431,-0.0082894,0.016528,-0.043005,-0.0086842,0.080537,-0.091448,0.041691,0.11556,-0.17355,0.072894,-0.00036001,-0.012847,-0.01079,0.051742,-0.07769,0.054872,0.03144,-0.042965,-0.012956,0.18999,-0.63617,0.80133,-0.33593,-0.20627,0.36094,-0.23835,0.17355,-0.21812,0.12224,0.018093,-0.06997,0.071899,-0.0096733,-0.026536,0.0082761,-0.029596,-0.021275
-0.039504,0.024127,0.00063957,-0.029534,0.020358,-0.0020243,-0.013248,0.022023,-0.0073869,0.00099859,0.0028665,0.001487,-0.022153,0.022621,-0.0069965,-0.0084783,0.018356,0.0046777,-0.027078,0.033085,-0.015946,0.0076959,-0.029538,0.010963,-0.013551,0.045222,-0.0030615,-0.06138,0.11445,-0.084062,-0.058458,0.066715,0.0039337,0.0092707,-0.024362,0.036764,-0.092781,0.11823,-0.075079,-0.0033355,0.01268,-0.039005,0.1066,-0.088673,0.024262,-0.13262,0.50652,-0.65663,0.3109,-0.075319,0.14584,-0.10507,-0.0011341,0.063372,-0.089751,0.035755,-0.0048166,-0.0095087,0.028042,0.012154
0.019494,-0.029066,0.013465,0.0051575,0.00067444,-0.0023733,0.0014807,-0.01119,0.0012986,-0.0022814,0.0027007,-0.0056359,0.013197,-0.014327,0.008223,0.0058958,-0.021151,0.0054848,0.0054478,-0.013318,0.0014011,0.0044485,0.0030923,0.0084319,0.0040176,-0.033786,0.024701,0.0067066,-0.092043,0.12702,-0.10412,0.16802,-0.16086,0.039175,0.035672,-0.089899,0.11228,-0.080665,0.011615,0.039093,0.021795,-0.013039,-0.1563,0.23624,-0.068258,-0.010939,-0.34876,0.59067,-0.29028,0.017163,0.0033598,-0.046479,0.064705,-0.048504,0.034,0.0004499,-0.011242,0.029331,-0.031764,0.0070721
-0.013541,0.0042219,0.011029,-0.012373,-0.0045296,0.011739,-0.0058031,0.0035537,0.009531,-0.011172,0.00018379,0.012048,-0.01655,0.0096259,0.0020298,-0.014274,0.019573,-0.0041013,-0.0028141,0.012861,0.0041394,-0.025944,0.031983,-0.026504,-0.0012501,0.027756,-0.026698,0.0016132,0.068492,-0.12936,0.16025,-0.18334,0.13582,-0.068884,-0.0059755,0.078701,-0.055166,0.0046905,0.044398,-0.07494,0.02053,-0.011841,0.10998,-0.11118,-0.16635,0.33543,0.02051,-0.28462,0.084726,0.030403,-0.022278,0.094269,-0.095736,0.051774,-0.011839,-0.019499,0.018157,-0.031968,0.026793,0.0090764
0.02208,0.011733,-0.013989,0.010143,0.0075139,-0.012064,0.007713,0.00070885,-0.0091848,0.011717,0.0004965,-0.004979,0.010378,-0.0022277,-0.0075217,0.012174,-0.017685,0.025168,-0.027209,0.019044,-0.014474,0.014823,-0.017002,0.010767,0.0096608,-0.010463,-0.004912,0.014004,-0.027869,0.040765,-0.04839,0.043455,-0.034853,0.04423,0.0088767,-0.055445,0.039175,-0.038579,0.0096848,0.049408,-0.052287,0.056365,-0.1621,0.28609,-0.068159,-0.25038,0.026191,0.24555,-0.097713,0.022791,-0.047772,-0.020952,0.03388,-0.014214,-0.015573,0.026572,0.016245,-0.022258,-0.0032952,-0.025895
-0.0016073,-0.022211,-0.00061109,0.013491,-0.024083,0.0086026,0.0064121,-0.016812,0.012139,-0.0032907,-0.012376,0.0075319,0.00028529,-0.0065166,0.0033329,0.0029036,0.028461,-0.095808,0.11985,-0.099877,0.057644,-0.017037,0.008509,-0.00026246,-0.038918,0.033345,-0.015391,0.029609,-0.03456,0.06687,-0.058921,-0.031689,0.071396,-0.0059309,-0.074476,0.071676,-0.059849,0.12204,-0.071751,-0.053879,0.034758,0.0070894,0.11054,-0.3122,0.24457,0.061682,0.087397,-0.52115,0.5018,-0.20722,0.036494,0.030351,-0.0051802,-0.049658,0.081196,-0.051275,-0.036244,0.078444,-0.015452,-0.00088895
-0.030369,0.022421,-0.003314,-0.018876,0.024883,-0.010013,-0.0097493,0.027986,-0.020558,0.0021072,0.012832,-0.013129,-0.0053078,0.011828,-0.0028206,-0.0063637,-0.024838,0.10411,-0.13956,0.11877,-0.077931,0.024518,-0.014749,0.00069681,0.090745,-0.11634,0.096171,-0.090255,0.061243,-0.096878,0.076593,0.083617,-0.1264,-0.0094769,0.11643,-0.089001,0.051279,-0.11393,0.038353,0.10798,-0.038996,-0.035146,-0.023468,0.11078,-0.098303,-0.067876,-0.070284,0.5883,-0.68423,0.26062,0.051801,-0.11183,0.053023,0.045504,-0.075323,0.046863,0.0098187,-0.069865,0.040053,0.021718
0.032902,-0.0086405,0.0072159,0.015296,-0.016573,0.013865,0.0045622,-0.029596,0.027544,-0.0063551,-0.0039332,0.011844,0.0067281,-0.017688,0.014584,-0.0073671,-0.0022925,-0.018668,0.044851,-0.059376,0.048578,0.0046453,-0.019085,0.030103,-0.11205,0.13874,-0.11221,0.075353,-0.027845,0.053629,-0.050401,-0.051171,0.088139,-0.019299,-0.068103,0.097954,-0.080381,0.061668,0.026552,-0.1158,0.064111,-0.019396,0.055173,-0.098735,0.066503,-0.00023485,0.11402,-0.38801,0.39818,-0.12056,-0.090246,0.11946,-0.071058,-0.0018261,0.02748,-0.040448,0.030488,0.034321,-0.080443,0.0077497
-0.027161,0.01925,-0.014644,-0.0084469,0.015664,-0.017354,0.00077025,0.023626,-0.030685,0.0087787,0.0096911,-0.020269,0.0040926,0.013598,-0.023387,0.018996,0.011955,-0.028253,0.022947,0.0078635,-0.015562,-0.016654,0.038706,-0.048107,0.061332,-0.052461,0.034522,-0.0074251,-0.0096462,-0.011436,0.022103,-0.001314,-0.039963,0.060911,-0.0094898,-0.090021,0.13807,-0.073698,-0.020183,0.084904,-0.097641,0.040883,-0.034502,0.1042,-0.098612,0.14311,-0.27595,0.26567,-0.1548,0.065469,0.022354,-0.059124,0.049388,-0.0077124,-0.064121,0.10427,-0.078423,-0.0011283,0.071127,-0.028015
0.026323,-0.035641,0.026898,-0.014317,-0.0048671,0.018201,-0.015588,-0.010309,0.028627,-0.0065321,-0.015923,0.019568,-0.014843,-0.004747,0.030643,-0.03072,0.0048151,0.016129,-0.027274,0.014164,0.0043122,-0.01734,1.7645e-05,0.01663,-0.0097118,-0.0075421,0.017887,-0.024521,0.0098979,0.0082918,-0.017525,0.021343,0.0011583,-0.041616,0.032734,0.03667,-0.09961,0.093615,-0.037995,-0.07065,0.14245,-0.05772,-0.03335,0.028488,-0.0050616,-0.1187,0.26543,-0.24079,0.18507,-0.15187,0.071841,0.018239,-0.074455,0.035353,0.098547,-0.16591,0.14013,-0.060203,0.011596,-0.0065948
-0.0066539,0.0013323,-4.0156e-05,0.0083747,0.006757,-0.02468,0.018395,0.019593,-0.032678,0.0012357,0.011927,-0.0034244,0.006394,0.013513,-0.04265,0.043849,-0.025504,-0.0079703,0.020887,-0.011266,-0.0082077,0.028192,-0.012997,-0.0081792,0.024695,-0.023795,0.0037378,0.0057418,0.0029059,-0.013839,0.021715,-0.022164,0.031048,-0.014238,-0.011224,0.0038672,0.0085787,-0.037172,0.048323,0.051275,-0.13369,0.085203,0.0054227,-0.070286,0.041014,0.10133,-0.21367,0.26185,-0.27567,0.19296,-0.080976,-0.024808,0.11758,-0.092291,-0.038924,0.13759,-0.15647,0.10324,-0.062844,0.0301
-0.01076,0.036791,-0.047518,0.046777,-0.049453,0.045612,-0.0047057,-0.04171,0.036049,0.011163,-0.025682,0.011728,0.00037185,-0.024066,0.035419,-0.031992,0.036718,-0.010934,-0.00090696,-0.01191,0.016696,-0.013446,-0.0039736,0.023233,-0.038276,0.044585,-0.0222,0.0021857,0.00037298,-0.00058788,0.00075604,0.0017467,-0.015024,0.020698,-0.0047355,0.018406,-0.0021437,-0.00726,-0.013857,-0.019093,0.064343,-0.049726,0.0052035,0.052412,0.012551,-0.18145,0.2647,-0.26557,0.24654,-0.14056,0.028896,0.036764,-0.083205,0.074474,-0.002368,-0.066227,0.083615,-0.063638,0.027955,0.0021796
-0.0034332,-0.02086,0.053357,-0.074188,0.065948,-0.045509,0.0057714,0.020242,-0.0071133,-0.036525,0.047121,-0.024702,0.0022008,0.021991,-0.0227,0.011068,-0.027156,0.022204,-0.0048665,0.010445,-0.013573,0.024332,-0.031469,0.018427,-0.003906,-0.014275,0.0087233,0.018004,-0.020229,0.026283,-0.028252,0.00022695,0.011513,-0.003327,0.0002024,-0.026232,0.031411,-0.016457,0.005414,-0.00044567,-0.0099018,0.0031333,0.023469,-0.059818,0.018375,0.065008,-0.068381,0.027879,-0.051062,0.055545,-0.013754,-0.0073917,0.0024315,0.0038781,-0.013531,0.0073397,0.0016917,0.01292,-0.0010099,-0.02059
0.0090293,0.010611,-0.030868,0.03023,-0.0099502,0.00050746,-0.010765,0.021967,-0.033504,0.051295,-0.031584,-0.0057275,0.014819,-0.026579,0.034825,-0.01811,0.010172,0.0070231,-0.030046,0.017271,0.0060125,-0.033628,0.073539,-0.074819,0.030988,0.012745,-0.014161,-0.02209,0.042072,-0.04612,0.025594,0.032856,-0.056768,0.014655,0.017995,-0.020596,0.0081479,-0.0048873,0.0036723,0.012465,-0.026733,0.010525,0.0027099,0.022881,-0.06943,0.13843,-0.23628,0.23165,-0.10157,-0.0025259,0.029425,-0.02675,0.023419,-0.026073,0.0076132,0.021558,-0.011141,-0.026396,0.031893,-0.012013
0.019742,-0.046736,0.024182,0.018144,-0.033081,0.021888,0.011197,-0.027425,0.029843,-0.022984,-0.013714,0.046931,-0.040309,0.020542,-0.021421,0.015904,-0.00056629,-0.028871,0.050878,-0.020002,-0.017576,0.017899,-0.049854,0.070958,-0.012122,-0.047032,0.030955,0.0098144,-0.044175,0.043332,-0.0023515,-0.044479,0.052481,-0.012577,-0.032296,0.046271,-0.049019,0.058819,-0.025128,-0.032271,0.065731,-0.051238,0.010626,-0.0089145,0.035227,-0.056663,0.11596,-0.11073,0.020901,0.020556,-0.017334,0.0059793,0.0095114,-0.0063595,0.0081716,-0.014788,-0.013107,0.045254,-0.042975,0.026426
-0.028274,0.056801,-0.02365,-0.015716,0.0062745,0.019914,-0.036836,0.022105,0.0058826,-0.031249,0.053277,-0.056437,0.034331,0.014455,-0.030844,0.016856,-0.019227,0.033316,-0.039184,0.0022096,0.028387,-0.0048053,0.010161,-0.045668,0.0098009,0.039263,-0.014623,-0.014465,0.028082,-0.02023,-0.011146,0.020569,0.0024559,-0.0065048,0.013788,-0.016575,0.0094373,-0.017153,-0.0035906,0.052778,-0.068635,0.075703,-0.051001,0.0090203,0.021049,-0.094247,0.14196,-0.10312,0.073783,-0.040882,-0.011173,0.035489,-0.038762,0.031019,-0.019339,0.021003,-0.0016004,-0.020236,0.0086689,0.0028102
-0.0033323,-0.0060519,0.0016541,-0.00019822,0.019263,-0.045365,0.059333,-0.033539,-0.022118,0.064323,-0.073806,0.048844,-0.016262,-0.02164,0.0323,-0.019333,0.035439,-0.048256,0.032043,-0.0004173,-0.010237,-0.0082126,0.0012377,0.035539,-0.030615,0.0055673,-0.0072432,0.018834,-0.01718,0.0053066,-0.0070396,0.010556,-0.014439,-0.008321,0.026386,-0.025112,0.038708,-0.039143,0.028998,-0.034726,0.022589,-0.022263,-0.0055749,0.054963,-0.017253,-0.006428,-0.0654,0.078101,-0.038266,0.01609,0.011993,-0.032045,0.035914,-0.040371,0.052454,-0.0532,0.026373,-0.0031774,0.0039066,-0.023
0.0093834,-0.021078,0.016471,-0.0024468,-0.0019315,0.0078122,-0.033528,0.029048,0.019615,-0.059998,0.059451,-0.035714,0.026498,-0.018909,0.010766,-0.0057441,-0.023503,0.046019,-0.026332,0.0068855,-0.010261,0.024737,-0.00081816,-0.034136,0.037718,-0.0205,0.0015458,-0.0015376,0.0055133,-0.00033185,0.03142,-0.037824,0.01269,0.014124,-0.031459,0.042974,-0.032072,0.0042493,0.014889,-0.023625,0.024977,-0.023131,0.053007,-0.068051,-0.015882,0.11062,-0.056071,-0.038658,0.032892,-0.0061679,0.018647,-0.0087229,-0.0056739,0.023026,-0.05415,0.050779,-0.025585,0.0039794,0.010076,0.027971
0.021944,-0.021421,0.018093,-0.012001,-0.0041531,0.022245,-0.0030055,0.0019597,-0.027865,0.034828,-0.004881,0.0043019,-0.031633,0.02927,-0.0051594,-0.002403,0.017152,-0.024246,0.008276,-0.00065235,0.013583,-0.036351,0.0059552,0.043529,-0.037604,0.0032425,0.0077223,-0.01078,0.013883,-0.012996,-0.015476,0.036664,-0.039047,0.027044,-0.0036672,-0.030102,0.016705,0.022166,-0.031656,0.032649,-0.02439,0.0106,-0.023711,0.024728,-0.0003564,-0.021362,-0.0084103,0.057239,-0.040489,0.011085,-0.034415,0.031336,-0.023288,0.014268,0.014335,-0.029277,0.023517,-0.0066064,-0.0077053,-0.03221
-0.021785,0.04889,-0.069706,0.051173,-0.02399,-0.0095428,0.020285,-0.034353,0.041145,-0.0082802,-0.0488,0.039309,-0.002761,0.0060788,-0.02014,0.013331,-0.024919,0.017059,0.009345,-0.015754,-0.01533,0.051817,-0.02883,-0.031157,0.0263,0.012745,-0.010383,0.003005,-0.01265,0.020516,-0.016363,-0.0054612,0.032659,-0.034053,0.013834,0.01261,-0.016381,-0.0043909,-0.0079833,0.022898,-0.0071171,-0.00078154,0.018555,-0.029834,0.027967,-0.050882,0.043404,-0.0032019,-0.0040739,-0.0018893,0.011053,-0.015675,0.020172,-0.0094555,-0.023527,0.037758,-0.015545,0.0057957,0.0092714,0.0044429
-0.011867,-0.017327,0.068936,-0.068055,0.045342,-0.0012129,-0.03905,0.049909,-0.030788,-0.013172,0.058893,-0.05169,0.015771,-0.0076362,-0.0052506,0.019348,0.0077377,-0.015218,-0.014289,0.026172,0.0026877,-0.038182,0.03639,-0.0060851,-0.00099748,-0.012138,0.008645,0.008694,-0.010567,-0.0032006,0.0093934,-0.0050462,0.0043031,-0.015222,0.019469,-0.018519,0.01172,0.010391,0.011776,-0.041382,0.012784,0.0049735,-0.012439,0.017751,-0.011869,0.027086,-0.013336,-0.023217,-0.0038843,0.01536,-0.0012358,0.0079682,-0.010897,-0.029975,0.062979,-0.041674,0.001638,-0.0055988,-0.023267,0.037621
0.030582,0.0040085,-0.050617,0.055217,-0.038076,0.0015955,0.041419,-0.038584,-3.7966e-05,0.033429,-0.03944,0.016062,0.02114,-0.024821,0.035779,-0.048048,0.022216,0.0030213,0.00070421,-0.011114,0.021843,-0.015475,0.005346,-0.0040317,0.009824,-0.011226,0.012241,-0.020763,0.0301,-0.030812,0.023818,-0.010008,-0.010046,0.034917,-0.040053,0.025352,-0.010249,-0.0056602,-0.0042297,0.032683,-0.017692,0.0083953,-0.020356,0.0041689,0.023568,-0.021756,0.0094719,0.0038528,0.012656,-0.02658,0.030777,-0.044149,0.039616,0.01863,-0.042981,0.032095,-0.029837,0.032037,0.002164,-0.029432
-0.046505,-0.02538,0.059879,-0.037074,0.01573,-0.013359,-0.0095932,0.015453,0.011566,-0.047899,0.036786,0.0037889,-0.026003,0.012879,-0.010772,0.022984,-0.030631,0.013715,0.024834,-0.030293,-0.010335,0.027687,-0.031458,0.045133,-0.044541,0.029129,-0.029624,0.030203,-0.037246,0.047796,-0.033244,0.0019212,0.0036027,-0.010382,0.021499,-0.010684,0.010089,-0.023925,0.03735,-0.066281,0.061393,-0.035506,0.023202,0.01676,-0.045794,0.025608,-0.001741,-0.032341,0.046384,-0.0057824,-0.047524,0.087712,-0.084443,0.03586,0.00029158,-0.039406,0.063213,-0.04433,0.029854,-0.00052807
0.052348,0.025279,-0.060524,0.022513,0.0011646,0.016982,-0.011826,-0.016489,0.015034,0.038901,-0.05585,0.027,-0.016823,0.032332,-0.039481,0.025818,0.023789,-0.026583,-0.038192,0.061467,-0.021415,0.0029022,0.005165,-0.031413,0.034839,-0.010905,0.01201,-0.017356,0.012822,-0.010886,0.0036023,0.014633,0.0063786,-0.021237,0.009466,-0.0029908,-0.0015815,0.021762,-0.052593,0.077883,-0.076736,0.067485,-0.058661,0.033359,-0.014059,-0.0039755,-0.0023137,0.034571,-0.04402,0.020946,0.036351,-0.091043,0.08533,-0.037342,-0.0058172,0.036745,-0.027111,0.00070624,-0.007994,-0.012779
-0.00095853,-0.032623,0.059582,-0.036379,0.012268,-0.0056331,0.0024913,0.03783,-0.051915,-0.0026882,0.057024,-0.049707,0.03229,-0.039869,0.048308,-0.024442,-0.02571,0.029958,0.016381,-0.047164,0.021627,0.0054126,0.0033201,-0.0048571,0.00088213,-0.01115,0.0097951,-0.0026104,0.022814,-0.033584,0.018542,0.017319,-0.056597,0.061379,-0.034177,0.0062278,-0.0019337,-0.0025172,0.028198,-0.029282,0.031107,-0.077459,0.11853,-0.10536,0.056849,-0.0062676,-0.0022204,0.0010722,-0.0069566,0.0015462,-0.023421,0.042624,-0.02042,-0.025584,0.038235,-0.022022,-0.012092,0.024155,-0.023605,0.035802
-0.050221,0.063083,-0.081793,0.080459,-0.060467,0.015607,0.0061883,-0.040371,0.06499,-0.02898,-0.040731,0.044778,-0.024114,0.021037,-0.0062572,-0.040151,0.050673,-0.038995,0.026991,0.0094668,-0.011871,-0.023582,0.012673,0.0033017,-0.006321,0.010245,-0.0019684,-0.013999,0.0029937,0.0043558,0.0073049,-0.05984,0.08393,-0.072106,0.037681,-0.0050527,0.0058749,-0.016729,0.0016208,-0.0062613,0.015504,0.019069,-0.059704,0.045436,-0.0046643,0.0020991,-0.010601,0.00073577,0.0014842,-0.016552,0.013674,0.030277,-0.059625,0.06419,-0.053476,0.029274,-0.010494,0.019659,0.0069469,-0.027639
0.020942,-0.038709,0.06812,-0.091725,0.095904,-0.038185,-0.0080497,0.024442,-0.051476,0.019471,0.047859,-0.041703,0.021334,-0.01372,-0.02921,0.073002,-0.058671,0.048494,-0.041017,0.0074747,0.0085865,0.0057217,0.0019047,-0.00087408,0.0062656,-0.0099336,-0.015878,0.043594,-0.053505,0.041769,-0.021463,0.027295,-0.02177,0.014876,-0.0034682,-0.01887,-0.0038512,0.034638,-0.020194,0.0061664,-0.037555,0.061938,-0.048997,0.024854,-0.022458,0.0011612,0.0095725,0.00010278,-0.0035468,0.033122,-0.020821,-0.060336,0.07725,-0.036548,0.035183,-0.029776,0.023154,-0.045611,0.0024553,0.030753
0.02416,-0.017896,-0.017544,0.04909,-0.067793,0.024519,0.014058,-0.022631,0.036698,0.015371,-0.066768,0.020994,0.0062914,-0.0053445,0.035598,-0.033593,0.0095244,-0.026783,0.022761,-0.0096765,0.0093437,0.0049863,-0.02512,0.014899,-0.018627,0.013663,0.015949,-0.031599,0.041253,-0.024343,-0.014154,0.033996,-0.038151,0.034988,-0.033651,0.054914,-0.031481,-0.0073052,-0.0033971,0.022856,0.019394,-0.063564,0.052044,-0.0075212,-0.0029455,0.0017719,-0.0072732,-0.0050618,0.024492,-0.041028,0.029389,0.032073,-0.039944,0.0020984,-0.0029763,0.012976,-0.0041636,0.010875,0.029804,-0.058624
-0.009728,-0.0007437,0.01903,-0.016222,0.0066728,0.016316,-0.023265,0.032879,-0.035431,-0.027111,0.056642,0.012245,-0.038871,0.037799,-0.042451,0.011065,0.025782,-0.00086659,-0.014761,0.016007,-0.021262,0.00030529,0.020574,-0.0085988,0.011345,-0.010713,-0.0040295,0.013405,-0.018455,0.0088245,0.0095862,-0.016947,0.022863,-0.015448,0.020799,-0.050777,0.049815,-0.023475,0.04621,-0.071913,0.030198,0.020049,-0.019639,0.0046554,0.0088704,-0.0183,0.028626,-0.023342,0.0043953,0.0031036,0.0055486,-0.012733,0.021797,-0.017679,0.0099432,-0.021076,0.0089386,0.013094,-0.040614,0.053522
-0.025357,0.066778,-0.06689,0.032759,0.0056776,-0.04038,0.047391,-0.036145,0.028003,0.015563,-0.028861,-0.015713,0.036568,-0.041843,0.035577,-0.020146,-0.0025819,0.0083333,-0.0042143,-0.0087301,0.024549,-0.014008,0.0019042,-0.017139,0.013674,0.0046996,0.0076237,-0.027574,0.020564,-0.015523,0.038898,-0.035606,0.00099776,-0.013211,0.013761,0.01189,-0.0054657,-0.0087224,-0.034414,0.069832,-0.026586,-0.031287,0.036105,-0.010737,-0.017682,0.0262,-0.023809,0.036908,-0.038178,0.032302,-0.038293,0.01671,-0.030616,0.058131,-0.054189,0.037404,-0.020737,-0.0014234,0.012709,-0.0099988
0.037946,-0.08308,0.082206,-0.063053,0.037004,0.030204,-0.064392,0.031202,-0.0039645,-0.012797,0.006755,0.015415,-0.028658,0.022087,-0.0018488,-0.0068929,0.00051926,-0.020739,0.04257,-0.01129,-0.038116,0.043739,-0.027696,0.035959,-0.032249,0.010591,-0.021543,0.02148,0.012119,-0.022638,-0.018053,0.030026,-0.00065501,0.0045897,-0.0059366,0.00093972,-0.027072,0.030794,-0.00014867,-0.019825,-0.01502,0.054771,-0.045195,-0.012136,0.034959,-0.012711,-0.00020148,-0.029903,0.038002,-0.02085,0.014563,-0.0087278,0.035877,-0.07748,0.071145,-0.036966,0.020838,-0.0097004,0.0020024,-0.0099685
-0.027883,0.045386,-0.048952,0.050866,-0.05511,0.018143,0.011424,-0.0086213,-0.006778,0.0080737,0.01342,-0.030843,0.018657,-0.0049903,-0.012354,0.028373,-0.015858,0.011229,-0.029348,0.021443,0.013242,-0.03213,0.030088,-0.033281,0.032807,-0.017967,0.0112,0.0020169,-0.020163,0.036659,-0.026283,-0.007738,0.0061006,0.0090798,-0.021143,0.013856,0.011413,-0.0091776,-0.0018736,0.0077884,0.0010412,-0.023564,0.028933,0.0023934,-0.01804,0.0033039,-0.003847,0.024453,-0.021739,0.00090649,0.0066838,0.0067409,-0.043264,0.077355,-0.066118,0.050267,-0.035057,0.020017,-0.0047592,-0.0028132
